8.937341855163317694e-01
4.773801905295383952e-01
1.034093330741952643e+00
5.378866202296268550e-01
2.941047297157430851e-01
4.089271457845281565e-01
5.306563929634795507e-01
7.895353592226254102e-01
3.720519497455012647e-01
5.026549684692902531e-01
7.766155150539995056e-01
3.626701604838086235e-01
6.273517376682837821e-01
6.418221724024604224e-01
4.958919737363720048e-01
8.036120857191365596e-01
6.591009847710492808e-01
8.814678470671607480e-01
4.096648885722959377e-01
7.130945390515361915e-01
7.035347005534907661e-01
8.041654191389371320e-01
4.112448246756703618e-01
4.845850894080067639e-01
3.121517731851898847e-01
8.935358019184692635e-01
5.738785876965739607e-01
8.258653320276069243e-01
1.040770281327409341e+00
9.370131983332549153e-01
2.648554358111747664e-01
3.884483102601097859e-01
2.437512243751695507e-01
5.429827202381057871e-01
5.896371637898371043e-01
6.328398468470756155e-01
9.860164620426666859e-01
6.390250412856541828e-01
5.759320670527969810e-01
3.752555930980402965e-01
5.819489165393990637e-01
3.937950269915366786e-01
9.042073540699271383e-01
6.541732466803079626e-01
7.406702185660204441e-01
8.547881493799721619e-01
7.583460936925283669e-01
3.234136247351911964e-01
5.689854255769437597e-01
1.031191711089724627e+00
8.237830580055872653e-01
5.081137962858632839e-01
7.309719105238978720e-01
4.425761920885109002e-01
4.829951042027758046e-01
8.045371965122830593e-01
9.240472861907621516e-01
3.541228187184566334e-01
1.093829164488973937e+00
5.522770112552943811e-01
5.250760892778947309e-01
4.749023400075768064e-01
3.769605879691192429e-01
6.570790813550760889e-01
5.582457621299485861e-01
4.880403578506586904e-01
5.615619361023151956e-01
4.272614758098361998e-01
5.937171989460955368e-01
6.912333205700632588e-01
3.934206822620064381e-01
8.015211801801006564e-01
3.665164762950396948e-01
3.402980532346888132e-01
5.412448910173435213e-01
2.070347345575487275e-01
8.976036647977180261e-01
7.818834506883430846e-01
2.728478255017838805e-01
2.792465154059455834e-01
8.689019746794579557e-01
5.050740694435447153e-01
6.501816414000973765e-01
7.360729888355422856e-01
6.930374817863441672e-01
5.084358766169805310e-01
6.003813601621399432e-01
5.750708518680968107e-01
3.350246106928427281e-01
5.093082702918472204e-01
8.352372928165090471e-01
9.337414692135861394e-01
4.660964188050308321e-01
6.242694200023666262e-01
5.183140230729004205e-01
9.073558810483959292e-01
9.659831447453538500e-01
9.644656833078313340e-01
3.941135092451408251e-01
5.464407009291046835e-01
8.395763634033537315e-01
2.976353982161152878e-01
7.707528236236950159e-01
3.680534310369964479e-01
2.947744637430722570e-01
5.189161378459119511e-01
4.564696309649600159e-01
4.976398631653549676e-01
2.993347647630624775e-01
7.738645396217487260e-01
7.267061725800114669e-01
8.805471276847328665e-01
5.404948585745890099e-01
7.936829037024843991e-01
3.605918006883578886e-01
5.670915436089400963e-01
2.028765708451019112e-01
3.784026356848427253e-01
5.582386389996136788e-01
5.999440771600966782e-01
4.297087291062257064e-01
4.045963816985220785e-01
5.140368287965745298e-01
8.952295513215116074e-01
2.447718319728245662e-01
8.167414797973464591e-01
5.143483531353802984e-01
3.843441404110612969e-01
4.121748940961713625e-01
8.050061234531119547e-01
3.167854377265657551e-01
6.145717617619452788e-01
4.519408963218851660e-01
6.313174760147345355e-01
4.624500716810240886e-01
4.758391212640655787e-01
8.514835704675819406e-01
5.670529952470710899e-01
7.788831971932862475e-01
3.933522361371940002e-01
4.786288753256914275e-01
4.801149686225783531e-01
2.621142303436920784e-01
4.413219103095050166e-01
4.721537907099069287e-01
3.454292485292246861e-01
5.071408259209434499e-01
6.152180802611102450e-01
5.636339146344604423e-01
3.424243941581232575e-01
6.787593219439012060e-01
5.213466986710771911e-01
5.738111838030159895e-01
7.588492756523079752e-01
6.271459140311010927e-01
7.649513436098219765e-01
4.350804539742966770e-01
2.997511022193863339e-01
6.361836153117945702e-01
9.126963086597852381e-01
5.736838499332964636e-01
2.649415223212441273e-01
6.184966471170038060e-01
8.476876237765799127e-01
4.630566627223286491e-01
4.530219040407216791e-01
6.732099927945397466e-01
5.213750057976274110e-01
5.175662075191587164e-01
1.212967667262017102e-01
8.472617610605591709e-01
3.407613079714121862e-01
9.263736599636722691e-01
5.304233407293700298e-01
4.524507748148280939e-01
6.962810980794221782e-01
3.363903714654398747e-01
5.174816095607273070e-01
7.069061130867254628e-01
3.662858829295592700e-01
5.128259719425888319e-01
2.331815014773961359e-01
4.380163682613251730e-01
6.724665572967538640e-01
6.688378732551520933e-01
4.198851998051273959e-01
7.010743379143700160e-01
4.648428225804888680e-01
2.929595553448536838e-01
3.908491186924657468e-01
6.698148040271880710e-01
5.167379332964096017e-01
2.635286907473279872e-01
3.212010767409430589e-01
4.132455798524655166e-01
4.648665856005292918e-01
3.100283451915832322e-01
6.233253372269781378e-01
9.509340817628003650e-01
5.131186836019325792e-01
2.926956443270921637e-01
8.949079178119777600e-01
3.076922012084113978e-01
5.761412796359799415e-01
3.728791046286684119e-01
2.583569802971246165e-01
8.229040517376632335e-01
5.989434325507083656e-01
4.453996415416281440e-01
4.960739033103279128e-01
5.257631935430238102e-01
7.221964836068884841e-01
8.542367412024588491e-01
3.437597216132431965e-01
7.007898080865301305e-01
5.404817895737281663e-01
4.890301063965350470e-01
9.588847743618897912e-01
7.522925204719212999e-01
9.430347933442526642e-01
7.804650866489188932e-01
7.352441011214146949e-01
7.332243524831821846e-01
5.749231658319693405e-01
3.636460198993338166e-01
4.542011342233558402e-01
6.349842854077545340e-01
3.796277037962152434e-01
7.872908239585758583e-01
4.064373190284622517e-01
5.672456344729391864e-01
5.424908866122399864e-01
3.652523750614278253e-01
4.772035648017409204e-01
4.684351972940437037e-01
5.681928504062281338e-01
6.224002216797115405e-01
5.792388852755124828e-01
7.595247957230296665e-01
6.944438233545231487e-01
8.857644130243145231e-01
4.456790611295566862e-01
7.426554551166926199e-01
6.744111277090106826e-01
6.183289430101562845e-01
5.248211590965532469e-01
1.874974938651908229e-01
6.303095874750160865e-01
3.861121523734540317e-01
4.133777177485925547e-01
6.344933171133564365e-01
4.003003403025429119e-01
7.396053418384743727e-01
4.099686522397397725e-01
7.810437020785373496e-01
3.265520270951604576e-01
4.780771528791292191e-01
4.512524452710330314e-01
4.315169199044567305e-01
3.673697402730367045e-01
6.994816718291646529e-01
7.309994548697625882e-01
4.795273282562869110e-01
4.243891748000032660e-01
5.856059907258622799e-01
2.979310475127480706e-01
1.338081931200286456e-01
4.539177760754969926e-01
9.532967685314231998e-01
3.170209682485618519e-01
6.982477072209802849e-01
9.112912578730378854e-01
7.656588442890867041e-01
7.473337774883447304e-01
7.845740652424129102e-01
3.503277370294602400e-01
8.454063890890569644e-01
8.494812054965419357e-01
5.168742488294235660e-01
9.579210022142558012e-01
4.122252965772124078e-01
4.000494766618957199e-01
6.756222372694343781e-01
4.239972161709157916e-01
8.002520380092199570e-01
4.140872863180136143e-01
1.673062339854700931e-01
5.259115433128680461e-01
2.744384848351005823e-01
9.873872052360058715e-01
3.838745475001992258e-01
8.766870647694399166e-01
4.901367538387324529e-01
3.278924024845301100e-01
4.482232610657100325e-01
6.035129577489417585e-01
7.079944648977001265e-01
4.193522938798426303e-01
7.521555542409531503e-01
3.233852286091513095e-01
2.379391563021332756e-01
9.081331609855771703e-01
8.733741134060171163e-01
5.426271163121278995e-01
4.593061043179670344e-01
5.241229732999920232e-01
3.106487076178227058e-01
7.524183849300776217e-01
2.484313456833070199e-01
6.322887226762893276e-01
4.625286508149097919e-01
5.817016393490468396e-01
7.177987597542823117e-01
5.678345145539055450e-01
4.597049888348788138e-01
1.017163715122648693e+00
5.205648026679082774e-01
5.610403239314376567e-01
8.147543875876721575e-01
5.318143431003989896e-01
4.307576437907859601e-01
6.241344571132879659e-01
5.002022601559747983e-01
7.567368045941551546e-01
5.887687856030547895e-01
8.177871748175243871e-01
5.713852474307962170e-01
8.103594894838087592e-01
7.929799123925279636e-01
5.071577283108531509e-01
4.824105187325756772e-01
5.129489898495022127e-01
7.076792339754005567e-01
4.841470086213815471e-01
4.877555778109550211e-01
8.977085975761240899e-01
3.881068442219619552e-01
5.470191870056106964e-01
3.345701028176806258e-01
5.554939809560754949e-01
6.532629320800223960e-01
5.601145123373785228e-01
4.296968715776910974e-01
5.294865756778762700e-01
7.494186379669113274e-01
2.517085945200806529e-01
5.919571896437809677e-01
7.455002684104177213e-01
3.378932877174921079e-01
4.913310441621415725e-01
5.266075810125363521e-01
3.165126432745635210e-01
6.968290605029550111e-01
6.339170292351301583e-01
8.194492003141948810e-01
5.350258674200708553e-01
4.921487385266681835e-01
2.416964212586878435e-01
5.272393065712214222e-01
4.697344099688114394e-01
3.428780910454137243e-01
6.461542566401522469e-01
8.217537735191080550e-01
5.263303111094295161e-01
9.221291983650194979e-01
7.071588173816313327e-01
5.847500209477420885e-01
6.451991995166015403e-01
5.614854115497329712e-01
3.898161045822827742e-01
7.296710184867346571e-01
7.965041615793487795e-01
3.881338768153693164e-01
1.414059873694680503e-01
5.994932031397356420e-01
7.155584145230269311e-01
8.076430065004525094e-01
6.011697308745707069e-01
9.460339714888584828e-01
5.103651258269223945e-01
8.081693057654509849e-01
6.633716251056717139e-01
2.743975993520756940e-01
4.139028263369073368e-01
9.813148732701726384e-01
5.430680054653893585e-01
2.748517275782385583e-01
8.319381769991039954e-01
5.481649856633595830e-01
4.473412781760854329e-01
5.782585054003325231e-01
5.979651479285840177e-01
4.761824200331181700e-01
7.477828493656023534e-01
5.102555363192435856e-01
8.287554475112198782e-01
6.987077281328860634e-01
4.460063052195934463e-01
8.427660122657789632e-01
6.426823199786421137e-01
8.345483180909528675e-01
7.718505434447295865e-01
4.210819168890719832e-01
3.016112866147646621e-01
4.309666197931850129e-01
3.481869490389261079e-01
8.735889350778187623e-01
6.845792979338576334e-01
2.590884262865487675e-01
6.636239944601656227e-01
8.199064496757916265e-01
5.755512877990827114e-01
4.531610964881749304e-01
4.094272674515894161e-01
7.168521285426968648e-01
3.135444106433173395e-01
6.121493608487692528e-01
6.196263486176253332e-01
5.956178865233525688e-01
7.189856330177981647e-01
2.124767173252085917e-01
6.584432599820048138e-01
4.763691517417663057e-01
3.843495552103307067e-01
7.625585682964162171e-01
3.409503224555388567e-01
6.113760741288363221e-01
9.306994089850603169e-01
3.910705164754220697e-01
8.975748830960840197e-01
6.606838897008416867e-01
2.748773997362666810e-01
4.315730792937849114e-01
9.267204369794980190e-01
2.546607974781477934e-01
6.319543916496900282e-01
5.736585180185994615e-01
3.387350035054184083e-01
4.715908238865280655e-01
7.407763980214039368e-01
8.868713161876238260e-01
7.266128968517904241e-01
6.246614807088802790e-01
4.275843414011707422e-01
7.717123240233623171e-01
6.801538518491613283e-01
6.544614502841373804e-01
5.215288734835410445e-01
8.679470550915597826e-01
6.143005106094915346e-01
9.000282583069326714e-01
5.425824998649321218e-01
3.535321540293662745e-01
6.551336459141597901e-01
5.036625893518168473e-01
3.761333274932470161e-01
8.612599896943857747e-01
4.327087143445927930e-01
9.458444877703785503e-01
6.968026573085944753e-01
5.868216863940199923e-01
7.066950975038930327e-01
3.417779555198868779e-01
2.847364903138099312e-01
6.706432601703662399e-01
4.279675326258167156e-01
3.473993299899132414e-01
4.344044700293568373e-01
4.976629675167946742e-01
5.154862670210704767e-01
3.564605282879989012e-01
3.540341286437178603e-01
3.867406394535586323e-01
3.503302325857840516e-01
8.433061800191501423e-01
6.573081162122985655e-01
8.008171231318352845e-01
7.603161245070804153e-01
6.926058416643741111e-01
6.858854197388435381e-01
6.163500426912014163e-01
8.626762399721569219e-01
2.929604227480231970e-01
8.735990664715496123e-01
7.485616197065327881e-01
2.351801118604367746e-01
6.269597217234873510e-01
7.476190207521382636e-01
7.211902395260788579e-01
3.702925192693666823e-01
2.324122400962383705e-01
5.674926117712348894e-01
5.898988285265552856e-01
3.570964961477773869e-01
7.382426353819753206e-01
5.436922717572971742e-01
7.785311914619533757e-01
7.941770258954620187e-01
4.265982689933732752e-01
4.991062501279836527e-01
7.587142165995625076e-01
6.899339888908804230e-01
2.625848620014739621e-01
3.290999063207085129e-01
6.094217128459239463e-01
9.288212003173708098e-01
7.383435016169690446e-01
3.498150461370814757e-01
7.243405869845109812e-01
5.468642371926835111e-01
6.941304000533090601e-01
5.621926493174037587e-01
3.978316352112705179e-01
8.598845359746740691e-01
7.933964151367122186e-01
6.773044145107243175e-01
6.578531765204709281e-01
4.468567474246565308e-01
6.603256545946366574e-01
2.441445789890350770e-01
6.673863488162923296e-01
2.486856453387517318e-01
9.388954086150663736e-01
5.593289823130421778e-01
7.696853984535786397e-01
4.573061520953262127e-01
2.746010600038139571e-01
3.999133001877729909e-01
8.074603576599267418e-01
2.241723192659964281e-01
6.283103396053270062e-01
4.252654578117635031e-01
3.356020855119609680e-01
7.125401690835541091e-01
9.832532711104478018e-01
9.829943858257328415e-01
4.833980659523174350e-01
3.363465683082474955e-01
6.738275363168320098e-01
5.836115340016179154e-01
6.592041927285747782e-01
3.110234962664700786e-01
5.347262742933409641e-01
5.685223015362879107e-01
5.720168126143826415e-01
2.969850591301049225e-01
5.700505691041556355e-01
6.706219052073998377e-01
3.670334265091592663e-01
8.291493231138540310e-01
2.226029031063558594e-01
6.525909347541624106e-01
8.040725485835503727e-01
3.947767175552205909e-01
4.324515151603566809e-01
1.931369976789449605e-01
5.558620108362402057e-01
3.410620228282830735e-01
3.210212064823187439e-01
4.123548311828458823e-01
8.048057813337735622e-01
6.453750232082604565e-01
5.832955137225278586e-01
4.856463513696954726e-01
7.573760127149299359e-01
5.221551346229466040e-01
5.810662522551081066e-01
9.702047952194474689e-01
7.703152107154959127e-01
7.787821134233607889e-01
9.401900632378531464e-01
5.793114030400705605e-01
5.032977401981596488e-01
4.243999510530718777e-01
5.908990735997819987e-01
5.452076600507862469e-01
6.774115674316364411e-01
5.449911400548955731e-01
6.052986686402510585e-01
3.842821330480244990e-01
2.370592897972727819e-01
6.977726173879339466e-01
6.298734922972807349e-01
6.284775066045192871e-01
7.972637386346598243e-01
6.716440154721852185e-01
6.941763550411247374e-01
2.816456863741322314e-01
6.402960044851430110e-01
6.295741473323508419e-01
3.568179883587013212e-01
3.196541097958621735e-01
6.401211429058769609e-01
5.265921473526650187e-01
4.163328899984756193e-01
7.263648213362521311e-01
7.863107740756377639e-01
7.485181310827166978e-01
