0.000000000000000000e+00
0.000000000000000000e+00
0.000000000000000000e+00
0.000000000000000000e+00
0.000000000000000000e+00
0.000000000000000000e+00
0.000000000000000000e+00
0.000000000000000000e+00
0.000000000000000000e+00
0.000000000000000000e+00
0.000000000000000000e+00
0.000000000000000000e+00
0.000000000000000000e+00
0.000000000000000000e+00
1.031176727988012826e-01
5.415427099086046747e-02
7.445431991724157927e-02
1.166920042497766874e-01
2.118534145512570854e-01
2.834512734931135536e-01
2.903786314674446922e-01
3.066632468395570910e-01
3.276673476188113887e-01
3.665847492369077587e-01
4.071597077496386663e-01
4.850567002295760877e-01
4.902173004734516337e-01
4.901006699768842845e-01
4.880014580826168569e-01
4.572052494970734182e-01
5.050334927718423961e-01
4.881207410779760392e-01
5.063366999899466814e-01
4.866134658304423488e-01
5.405028298382018592e-01
4.161531131883033363e-01
4.152986471270738722e-01
3.612459739535112124e-01
3.892468887965447322e-01
4.041432534413528788e-01
3.280316616503725635e-01
2.068710510490191223e-01
2.698374499483641165e-01
2.381103826443832505e-01
1.707684554742895933e-01
2.418252511570613272e-01
0.000000000000000000e+00
3.569951519306293619e-01
0.000000000000000000e+00
0.000000000000000000e+00
0.000000000000000000e+00
0.000000000000000000e+00
0.000000000000000000e+00
0.000000000000000000e+00
0.000000000000000000e+00
6.156511887887538004e-01
0.000000000000000000e+00
0.000000000000000000e+00
0.000000000000000000e+00
0.000000000000000000e+00
0.000000000000000000e+00
