0.000000000000000000e+00
0.000000000000000000e+00
0.000000000000000000e+00
0.000000000000000000e+00
0.000000000000000000e+00
0.000000000000000000e+00
0.000000000000000000e+00
0.000000000000000000e+00
0.000000000000000000e+00
0.000000000000000000e+00
0.000000000000000000e+00
0.000000000000000000e+00
0.000000000000000000e+00
0.000000000000000000e+00
3.092542095067799377e+10
3.577087368996175385e+10
4.416569810758456421e+10
5.615333035315153503e+10
7.210102816271792603e+10
8.922763621914270020e+10
1.139773009486911926e+11
1.410063080514577942e+11
1.779188397158893433e+11
2.238511399195350952e+11
2.819880296031391602e+11
3.520006953757512207e+11
4.387021308299806519e+11
5.626781900362589111e+11
6.935081706650772705e+11
8.852779019520190430e+11
1.119982118909253418e+12
1.369271842249043945e+12
1.783196741667908447e+12
2.257785724929220703e+12
2.843833507177270996e+12
3.450290567724630859e+12
4.305309690557790527e+12
5.583022897730094727e+12
6.742164605374261719e+12
8.529677643669596680e+12
1.191431977350618359e+13
1.492683653702875781e+13
1.670824020265236133e+13
2.184423583171906641e+13
2.744941141409626172e+13
3.439934436000595703e+13
0.000000000000000000e+00
5.222569910097849219e+13
0.000000000000000000e+00
0.000000000000000000e+00
0.000000000000000000e+00
0.000000000000000000e+00
0.000000000000000000e+00
0.000000000000000000e+00
0.000000000000000000e+00
3.275895296279740000e+14
0.000000000000000000e+00
0.000000000000000000e+00
0.000000000000000000e+00
0.000000000000000000e+00
0.000000000000000000e+00
