0.000000000000000000e+00
0.000000000000000000e+00
0.000000000000000000e+00
0.000000000000000000e+00
0.000000000000000000e+00
0.000000000000000000e+00
0.000000000000000000e+00
0.000000000000000000e+00
0.000000000000000000e+00
0.000000000000000000e+00
0.000000000000000000e+00
0.000000000000000000e+00
0.000000000000000000e+00
2.447325286842497253e+10
3.057507574628718567e+10
3.508481100680474854e+10
4.428872994586003113e+10
5.647295485024586487e+10
7.137436050265733337e+10
9.014006854418119812e+10
1.124546764019271851e+11
1.418536730740575256e+11
1.734398748323647766e+11
2.221248696170466309e+11
2.840212586301098022e+11
3.605277405255053711e+11
4.538364873590621948e+11
5.652163115283365479e+11
6.995877415188994141e+11
9.087518005264987793e+11
1.103630854815477051e+12
1.385359856951274170e+12
1.724574082352356934e+12
2.244340138081756348e+12
2.813912481994734863e+12
3.542581830825013672e+12
4.525219788407092773e+12
5.656459544032185547e+12
7.090746535538667969e+12
8.879252967764367188e+12
1.100968559082103906e+13
1.300476829086574219e+13
1.790592559479461719e+13
2.384080862265931250e+13
2.840726667660060547e+13
3.557758406596135156e+13
0.000000000000000000e+00
5.263150052153181250e+13
0.000000000000000000e+00
0.000000000000000000e+00
0.000000000000000000e+00
0.000000000000000000e+00
0.000000000000000000e+00
0.000000000000000000e+00
0.000000000000000000e+00
3.755918144340138125e+14
0.000000000000000000e+00
0.000000000000000000e+00
0.000000000000000000e+00
0.000000000000000000e+00
0.000000000000000000e+00
