0.000000000000000000e+00
0.000000000000000000e+00
0.000000000000000000e+00
0.000000000000000000e+00
0.000000000000000000e+00
0.000000000000000000e+00
0.000000000000000000e+00
0.000000000000000000e+00
0.000000000000000000e+00
0.000000000000000000e+00
0.000000000000000000e+00
0.000000000000000000e+00
0.000000000000000000e+00
3.000000000000000000e+00
1.100000000000000000e+02
3.380000000000000000e+02
3.330000000000000000e+02
2.710000000000000000e+02
2.360000000000000000e+02
2.830000000000000000e+02
3.190000000000000000e+02
2.670000000000000000e+02
2.260000000000000000e+02
1.970000000000000000e+02
1.690000000000000000e+02
1.180000000000000000e+02
1.150000000000000000e+02
9.500000000000000000e+01
9.500000000000000000e+01
6.400000000000000000e+01
5.300000000000000000e+01
6.400000000000000000e+01
4.800000000000000000e+01
3.800000000000000000e+01
3.100000000000000000e+01
3.500000000000000000e+01
2.600000000000000000e+01
1.400000000000000000e+01
1.000000000000000000e+01
8.000000000000000000e+00
1.000000000000000000e+01
4.000000000000000000e+00
7.000000000000000000e+00
3.000000000000000000e+00
2.000000000000000000e+00
2.000000000000000000e+00
0.000000000000000000e+00
1.000000000000000000e+00
0.000000000000000000e+00
0.000000000000000000e+00
0.000000000000000000e+00
0.000000000000000000e+00
0.000000000000000000e+00
0.000000000000000000e+00
0.000000000000000000e+00
1.000000000000000000e+00
0.000000000000000000e+00
0.000000000000000000e+00
0.000000000000000000e+00
0.000000000000000000e+00
0.000000000000000000e+00
