0.000000000000000000e+00
0.000000000000000000e+00
0.000000000000000000e+00
0.000000000000000000e+00
0.000000000000000000e+00
0.000000000000000000e+00
0.000000000000000000e+00
0.000000000000000000e+00
0.000000000000000000e+00
0.000000000000000000e+00
0.000000000000000000e+00
0.000000000000000000e+00
0.000000000000000000e+00
6.072345749760674760e-01
2.116744115239645452e-01
1.756267552384600805e-01
2.896652377767591213e-01
4.158392347918922205e-01
4.808929338552085930e-01
4.744784649491078921e-01
4.433468661807226652e-01
4.152234289434240666e-01
4.078983750990464174e-01
4.382282287660579367e-01
4.568598526777017943e-01
5.184560650267325821e-01
6.136329586340476538e-01
5.861240766049178319e-01
6.232210263567444786e-01
6.709680565170267341e-01
6.543175113599796200e-01
6.951662926918501517e-01
6.491779886433590718e-01
7.129338975193114658e-01
6.835154430902972145e-01
6.364348965641216660e-01
6.766807587633913990e-01
4.924280975001461003e-01
5.443948337792079428e-01
6.050732280988928569e-01
4.782650264043303290e-01
3.800705354826666715e-01
3.506577843639872571e-01
3.761361628461361017e-01
4.517898477135261492e-01
4.902857830106815418e-01
0.000000000000000000e+00
5.385967416042602984e-01
0.000000000000000000e+00
0.000000000000000000e+00
0.000000000000000000e+00
0.000000000000000000e+00
0.000000000000000000e+00
0.000000000000000000e+00
0.000000000000000000e+00
9.240887004105575731e-01
0.000000000000000000e+00
0.000000000000000000e+00
0.000000000000000000e+00
0.000000000000000000e+00
0.000000000000000000e+00
