0.000000000000000000e+00
0.000000000000000000e+00
0.000000000000000000e+00
0.000000000000000000e+00
0.000000000000000000e+00
0.000000000000000000e+00
0.000000000000000000e+00
0.000000000000000000e+00
0.000000000000000000e+00
0.000000000000000000e+00
0.000000000000000000e+00
0.000000000000000000e+00
0.000000000000000000e+00
0.000000000000000000e+00
2.000000000000000000e+01
3.360000000000000000e+02
2.960000000000000000e+02
2.140000000000000000e+02
1.900000000000000000e+02
2.810000000000000000e+02
3.020000000000000000e+02
3.030000000000000000e+02
3.090000000000000000e+02
2.220000000000000000e+02
1.840000000000000000e+02
1.520000000000000000e+02
1.290000000000000000e+02
1.250000000000000000e+02
9.700000000000000000e+01
8.500000000000000000e+01
6.700000000000000000e+01
4.600000000000000000e+01
4.800000000000000000e+01
4.500000000000000000e+01
2.300000000000000000e+01
1.900000000000000000e+01
1.700000000000000000e+01
1.700000000000000000e+01
9.000000000000000000e+00
7.000000000000000000e+00
5.000000000000000000e+00
5.000000000000000000e+00
5.000000000000000000e+00
3.000000000000000000e+00
2.000000000000000000e+00
1.000000000000000000e+00
0.000000000000000000e+00
1.000000000000000000e+00
0.000000000000000000e+00
0.000000000000000000e+00
0.000000000000000000e+00
0.000000000000000000e+00
0.000000000000000000e+00
0.000000000000000000e+00
0.000000000000000000e+00
1.000000000000000000e+00
0.000000000000000000e+00
0.000000000000000000e+00
0.000000000000000000e+00
0.000000000000000000e+00
0.000000000000000000e+00
