8.919938814593959542e-01
4.703159439678834541e-01
1.023422418133291378e+00
5.940651538311743085e-01
3.037800697504234315e-01
3.200226153215721125e-01
2.612008471389420938e-01
4.708357008103659647e-01
5.667092076635438236e-01
8.535394315277222699e-01
3.725395514417757514e-01
5.258737412287419755e-01
8.453462545265869599e-01
3.553288952085005281e-01
5.577395768454039837e-01
4.157581707563491324e-01
9.918381422026618655e-01
5.028004441948012992e-01
7.950890225744707829e-01
7.127908403180400754e-01
8.036792190052921558e-01
4.454760047876307194e-01
6.584704044245333066e-01
6.495053238611186996e-01
8.307599212591447735e-01
4.775326970812874827e-01
5.166941836167435742e-01
2.621071755934554215e-01
8.412898043152481353e-01
6.426375310788535744e-01
8.578924930876464794e-01
1.019291550524942913e+00
8.986565459424136204e-01
2.745117497947395235e-01
3.593794748431060615e-01
2.609522171761388121e-01
5.907160968030772397e-01
6.140576003545101802e-01
6.946725170701975038e-01
9.952402893315315247e-01
2.913503497494097649e-01
5.743512464698125042e-01
6.269932675813318923e-01
3.846754075516235494e-01
6.148805135896262541e-01
4.673034725815617962e-01
9.186802153596409504e-01
6.459145198054083714e-01
8.277272446991652544e-01
8.808106324353943695e-01
7.725116938127671862e-01
2.923805519986298895e-01
2.891912964816142906e-01
6.224629502726934938e-01
1.019698206680012653e+00
8.935706000294888485e-01
9.487472974772397372e-01
4.245713855968742401e-01
7.802438642740152641e-01
4.342478369423695694e-01
5.996853083153722563e-01
7.913828564476459437e-01
9.382163731827967146e-01
3.958650015594659122e-01
1.080446512709527074e+00
6.175112436746313938e-01
5.671866412423082204e-01
5.293982524044098525e-01
4.108635467328797808e-01
6.890043315797376167e-01
4.509639049831374868e-01
5.370499207184219470e-01
5.807650960103369897e-01
4.750106958597233864e-01
3.601629999160328999e-01
5.623265068296774416e-01
7.261912524327330809e-01
4.323518842092533010e-01
8.052154355044148781e-01
4.128536253311329007e-01
3.734389495082567900e-01
5.199028224821369282e-01
2.085628057004313973e-01
9.372743756262131853e-01
6.810910641542540223e-01
4.939655585669272542e-01
3.041931445670297274e-01
3.209882628521233960e-01
6.952795764950030488e-01
2.477344448989939052e-01
4.414891853188991910e-01
7.238778779439045685e-01
6.874021923239831411e-01
6.762449203807419096e-01
4.068168950887859348e-01
6.419354800186297672e-01
5.677663614051722263e-01
3.636770585868668859e-01
5.563599538237486986e-01
8.614109549966331159e-01
9.146764451074903546e-01
4.793210581767561318e-01
4.618313960675344831e-01
4.825688056143166427e-01
8.522075500914002566e-01
9.381016558030600416e-01
9.777021030273301827e-01
3.341488239663616966e-01
6.645489482019933947e-01
5.987371108772662209e-01
8.828534767882537659e-01
3.232232018913364646e-01
7.864719116976387481e-01
4.186425767424293287e-01
3.246090712201291084e-01
5.497525707956187890e-01
4.704656424639689360e-01
5.654076092409742182e-01
3.325221285332352061e-01
8.082550918258950556e-01
6.059660357748222204e-01
8.693205564603896374e-01
4.674607495960613757e-01
8.373982257563383769e-01
3.481005275032525992e-01
5.938072594623625688e-01
6.019286858633025039e-01
2.700879877584397293e-01
4.244442181080891330e-01
6.138992373534871705e-01
6.476402630428402807e-01
4.153903218895622085e-01
3.933565261342277797e-01
5.777044229706601586e-01
9.076776257624444844e-01
2.438082119201435694e-01
8.519480286581840867e-01
5.718250375782687467e-01
3.738364520336310282e-01
4.014863212749771315e-01
8.123922060596800998e-01
4.829558493219249793e-01
2.774891875450191669e-01
8.358577305395931134e-01
6.957047417574181436e-01
4.902686665215629791e-01
6.562917319672637584e-01
4.979463811328903033e-01
3.747137747655464035e-01
4.194508748557208011e-01
6.282416453073691454e-01
8.254686958038852662e-01
5.372318216468590091e-01
8.049373355317775980e-01
3.956630263605826481e-01
6.014954113504256128e-01
5.281268744838001350e-01
4.718085166070882797e-01
4.900057492990082531e-01
3.117734012369231533e-01
5.193422394787167162e-01
5.246757460896154246e-01
3.249981665533995256e-01
5.663431361137020170e-01
6.469991155352029510e-01
5.519119356901701634e-01
1.870753490336319602e-01
7.153244771173195016e-01
5.531606760298739545e-01
4.960702251714221300e-01
8.047044798348713668e-01
6.570413570399975534e-01
7.933951723196277506e-01
4.436485113726022500e-01
3.439980124987360721e-01
6.593339887853381098e-01
9.055155558677304706e-01
5.256988129397387466e-01
2.951236810316457126e-01
4.483797383931147351e-01
6.721918090203334861e-01
8.982182938176513920e-01
5.363663803514850947e-01
4.447649059130085458e-01
7.128163630669049899e-01
5.950006482082028647e-01
5.548168011366322316e-01
7.378378405943628593e-01
3.894785676817399400e-01
9.206872657876155053e-01
5.875641808241185426e-01
4.954382319917942645e-01
6.840496356882397322e-01
3.676020705319920090e-01
5.658429731529152074e-01
7.643551981673394335e-01
3.875126209068328054e-01
5.866052964881981469e-01
2.722854499964325048e-01
5.050686356977019953e-01
7.299772878258439235e-01
7.005286213633036274e-01
4.431846816423468116e-01
7.269220324337302142e-01
5.154892076650599009e-01
3.944964294737033361e-01
4.295580464316797742e-01
5.393604884859732884e-01
7.577432014557412554e-01
5.223987497113655731e-01
3.130670311098095460e-01
3.470428480068508681e-01
4.298376580765969068e-01
7.507843017388196039e-01
5.424359377308407559e-01
3.343821968362845620e-01
4.377455111331191029e-01
8.173029373389664176e-01
3.573204144433002050e-01
6.290096425896791743e-01
2.401589071528944797e-01
3.837668920613193091e-01
5.820843785790362768e-01
4.342766360443910401e-01
7.676042638469694479e-01
5.559579156197234084e-01
5.472293266177563620e-01
4.684641545419884201e-01
5.134149783412012003e-01
6.414117648126456128e-01
3.960310536161204542e-01
5.398644897807998166e-01
7.244118371625816177e-01
4.858317786696588758e-01
7.930341905703505168e-01
3.299681239982071301e-01
2.556306994236883234e-01
2.697942562035463010e-01
1.903825178141770880e-01
2.630983982406348010e-01
4.117293090593651672e-01
6.500843958392313882e-01
3.110094830601093374e-01
7.484338326365210792e-01
9.413545694232923200e-01
9.072174173933021946e-01
6.300661980869621814e-01
2.283104005828364980e-01
3.080915129104329631e-01
3.183343356058890850e-01
4.182988027844858903e-01
7.058675845590642872e-01
6.896812675056137598e-01
4.679809936628308575e-01
5.594306045909538394e-01
9.500490340139499112e-01
6.311880571675020368e-01
4.329413469499414635e-01
4.158112141585628141e-01
7.467394809282273949e-01
4.185575639488162136e-01
6.214257563164456988e-01
5.059133820500565371e-01
7.743036395617970413e-01
4.891230674605983597e-01
6.477418116800212067e-01
4.698911394125816487e-01
4.966304665550290709e-01
9.226623243314135969e-01
7.612609811516990455e-01
4.742431781304921046e-01
5.902890845329017422e-01
6.683424837430521626e-01
4.587788315181261511e-01
4.446341175104935317e-01
4.611801259507768980e-01
5.235531011177844141e-01
4.431703471660810023e-01
7.138698850070899216e-01
8.268838183662716723e-01
3.515151971224910743e-01
8.335129403289568417e-01
3.189179952835285992e-01
5.068924602566313720e-01
7.551576375546511510e-01
3.071811020509968015e-01
5.202979810863653798e-01
3.605433239041555549e-01
5.620578221791461271e-01
4.290615195836266493e-01
7.495349248237965778e-01
5.586610810798874338e-01
4.445471336873531576e-01
1.358188403988189741e-01
6.741198107471589873e-01
7.262992432077436389e-01
8.348577696342504018e-01
8.960776124309631774e-01
4.154240440313300420e-01
2.672156251201285304e-01
4.092760624051286489e-01
6.645943502480406995e-01
7.776692643826721429e-01
6.180879331158923851e-01
4.037539153822572446e-01
5.734886710629106821e-01
6.703479500260530743e-01
8.941457064949083211e-01
4.808919691681843300e-01
6.366369532208895898e-02
7.026080348976225798e-01
4.685957710897806772e-01
4.395940585598038242e-01
6.814383644733469358e-01
4.300697758888422650e-01
3.620031594895425364e-01
5.615506516167529938e-01
4.162137536884980005e-01
5.796237477331260823e-01
3.677588127337118595e-01
3.148219537707046545e-01
6.943226170719836166e-01
5.649061588992195793e-01
9.353411351593358125e-01
5.361773303033405824e-01
3.191070992308029375e-01
9.031153631948963811e-01
3.240924303032976517e-01
6.337386689025504838e-01
4.012680078584128784e-01
2.702197432818378431e-01
6.693447623167465554e-01
8.086128938921197662e-01
6.387659404318070111e-01
4.071621343577327412e-01
5.286849268764436394e-01
5.275254726486108270e-01
7.720448167156154229e-01
7.850446438902729529e-01
3.419335499251479615e-01
7.640305021519866457e-01
5.359954773637216618e-01
5.253533439369116875e-01
9.673724816407226479e-01
7.975337542844733729e-01
9.703484252560884427e-01
6.626022664151302033e-01
7.815292607164052718e-01
7.638510824645587949e-01
6.436572286767630047e-01
6.227974238636425630e-01
4.131662734677433724e-01
4.977369587019202513e-01
5.072209920352850343e-01
5.960628516975364777e-01
4.144611271891079918e-01
8.155477370333091836e-01
3.630923318198558958e-01
6.023212857527771025e-01
6.023876853722297531e-01
3.984575691534563147e-01
5.255696808225662764e-01
4.899038635024197119e-01
5.358426463885906932e-01
6.854363829448627543e-01
5.258964446885431299e-01
8.026176962503122070e-01
5.795507904368006891e-01
9.317392907392185730e-01
4.848797538506668392e-01
7.097583364923464311e-01
7.818924421128963242e-01
5.808322231823880299e-01
5.351960064967682396e-01
2.042789973397248493e-01
7.132573206067671645e-01
7.925331955848048393e-01
4.322544813188944901e-01
5.321935625679561355e-01
6.113683238906419959e-01
3.840666383734412381e-01
6.926516064870564815e-01
4.412821793016304395e-01
7.665126714555691168e-01
3.742467669904183114e-01
3.645256624533003142e-01
4.886408929196214279e-01
4.859832167693444172e-01
4.293532070626929209e-01
7.360129854619841261e-01
7.755022510452842521e-01
4.996205065261580813e-01
3.300554604454932761e-01
6.135749752557263514e-01
3.201627465425052610e-01
1.271417312189229432e-01
5.389919033483074884e-01
9.560879940511327613e-01
3.485361599374334207e-01
7.546292334295965354e-01
9.160218303696393560e-01
8.223345402641102364e-01
7.158645096481722758e-01
8.386581490470597089e-01
3.995302957231526286e-01
8.237065581132332337e-01
8.815342378131447720e-01
5.368611323780976274e-01
9.290029718005758941e-01
3.580087966790257425e-01
5.940801582251749036e-01
4.452551658643978394e-01
7.012035096310719196e-01
4.650236560051264068e-01
7.814622684359621152e-01
4.511228386068354412e-01
1.993735865462782919e-01
4.378970433533476703e-01
2.853333593565710036e-01
9.811702351183594351e-01
4.252800191325271095e-01
7.027258588145745000e-01
7.968645571321213428e-01
5.102687335930596868e-01
3.346396491469823542e-01
4.747199113581614394e-01
6.533046172189882483e-01
7.860939090869937251e-01
4.031772842422817194e-01
7.658198147433996628e-01
3.693952083266843767e-01
2.538627589953196817e-01
8.587643359185388459e-01
8.814971936105431283e-01
8.215712387786933135e-01
5.898200179723039893e-01
4.954673706184894999e-01
5.101310055762224849e-01
6.538853304905986041e-01
3.403193187513406381e-01
7.901118483380381585e-01
2.779717816590501211e-01
6.835286329443908127e-01
4.914754622670600148e-01
6.226407682723420489e-01
7.315766302799014964e-01
6.033542864662301275e-01
5.041146525251546384e-01
1.006209147853779795e+00
5.568875594683905250e-01
5.818569038151759631e-01
8.750207615379598236e-01
5.634468228695231895e-01
7.158842687152080497e-01
4.542606929141406735e-01
6.586743372792585038e-01
4.940498918129219708e-01
7.705009186403819488e-01
5.976472360971133435e-01
8.382524833221465244e-01
4.171842361881831773e-01
5.772408199240895987e-01
8.445357710263422524e-01
7.750267030853721373e-01
5.486041490413268162e-01
5.423525624401126510e-01
4.931993732368244454e-01
7.279524091007852915e-01
5.250760594547474458e-01
7.015032060024781746e-01
5.495842232100667246e-01
8.783698758777012117e-01
4.256064568944251114e-01
6.414328891936413868e-01
3.737981509641763456e-01
5.832951678252559224e-01
5.924565288767417170e-01
6.127175220530562960e-01
3.324081104406902409e-01
6.841221850905433444e-01
4.446646932932779572e-01
5.204957127543785589e-01
7.758636766242350546e-01
2.727923340736179147e-01
5.967207377432621751e-01
7.915454631968854571e-01
3.578239390427412903e-01
5.650553176056695159e-01
5.647240621959668250e-01
3.499908273745166998e-01
7.453284772369899169e-01
7.143322437890835541e-01
7.807289997763937617e-01
5.851077709181252695e-01
5.639343249732060581e-01
2.350371744584821287e-01
5.661287691513003928e-01
5.353805532721205296e-01
3.700869913035351177e-01
6.552805257690653695e-01
8.284832105403836522e-01
6.187861615251064595e-01
9.743908055227126219e-01
6.959908207102140087e-01
5.858112034371404375e-01
6.922682844101016864e-01
5.943682335012854256e-01
3.994988189771480624e-01
6.284542445913633424e-01
7.993447750721376366e-01
4.743646548538124064e-01
9.745498826014791227e-01
3.962581924863752270e-01
1.168552692975994151e-01
6.274963889816491669e-01
7.481577878078461419e-01
8.477958470056905504e-01
6.229481881799853182e-01
2.097536182721016773e-01
9.294690214120928662e-01
5.370051936293785966e-01
6.103465581994894640e-01
6.525899728202863015e-01
3.559599062067857478e-01
4.107029217487346839e-01
1.022145508592397611e+00
5.793783167989697835e-01
2.974259059982460873e-01
8.522717380024537048e-01
5.789812229053521442e-01
4.873927888226354255e-01
6.153910369347951326e-01
6.688387935124089356e-01
5.845468206104658115e-01
7.287192309787294819e-01
5.395287609935839335e-01
8.640029945565181890e-01
7.279195179363333601e-01
4.914716664713217886e-01
8.699821327361474399e-01
6.238881249691309305e-01
8.833280605465512192e-01
7.969776180204851679e-01
4.637223743162561251e-01
4.167873487875798366e-01
4.759730366113024136e-01
3.861330479916687541e-01
9.186055722498420728e-01
7.181779246285149299e-01
2.477714346640614851e-01
6.555348756769109331e-01
8.587717591670194217e-01
1.964869562628246136e-01
6.098289813907217249e-01
4.920559273695037650e-01
4.569407768470918896e-01
7.707704241432465908e-01
3.419656415064101229e-01
6.421404091458200458e-01
5.901652543442176269e-01
5.644730669443227544e-01
7.661564838918483167e-01
2.311379351593944032e-01
6.013484679398378718e-01
4.617977780295699497e-01
3.529417198384263155e-01
7.674958271217200423e-01
3.375420713480755674e-01
5.634963576512644901e-01
8.838314130683799785e-01
4.339103028148398877e-01
6.843227466114942814e-01
6.449593805499462817e-01
2.968036027449187930e-01
4.740279761779198631e-01
9.227955392012594515e-01
2.600610982899062562e-01
6.120879760191099139e-01
5.697678690628077414e-01
3.544108327490638199e-01
5.200079408697401151e-01
8.129972703059015204e-01
9.261607851255280188e-01
7.855926456243587097e-01
6.242590982748374984e-01
5.047331237991175001e-01
7.971411897095107557e-01
6.872499923872431582e-01
6.860062574167682392e-01
5.883350653865195845e-01
8.286272990232359525e-01
6.288685298857740191e-01
6.827059137913873421e-01
5.687208972019470732e-01
4.748395186113082422e-01
4.230686532860560845e-01
4.820847570147605010e-01
5.636893235724558249e-01
7.554767153064472218e-01
3.958131733564838606e-01
8.604727202784319129e-01
4.268917418227989313e-01
9.693795790306706239e-01
7.325512301353235278e-01
6.357487946195491402e-01
7.363893373940910703e-01
3.514303489522918045e-01
3.637029632735117590e-01
6.883693423368888453e-01
4.753930835862598681e-01
3.341569532024502021e-01
4.304088760843163275e-01
8.640620800888599851e-01
5.361384978361523057e-01
4.883105483090485199e-01
3.756453799839674645e-01
3.696037011557696261e-01
3.714055579351566161e-01
3.959369769246924298e-01
8.294244235402876697e-01
6.467811198765902603e-01
8.459556481174316245e-01
8.000990797390058473e-01
6.692966275584868452e-01
7.402783155139770477e-01
6.965288891282941375e-01
1.678054932038781366e-01
7.975930716774950469e-01
3.234247013039689422e-01
8.858500197015244382e-01
7.843317833455680788e-01
2.055310815171626504e-01
7.009997215609724552e-01
7.852388406967717449e-01
7.593074568396794843e-01
4.136746568820737768e-01
2.518756263547655139e-01
5.732387653493196122e-01
5.808823471212464229e-01
4.507308576494760688e-01
3.749849397600376055e-01
7.289911676273974628e-01
6.446666696797827001e-01
7.520240533243480741e-01
8.152070468746070997e-01
4.494223720400842836e-01
5.412267161641087787e-01
8.015245133037725012e-01
6.467213994784588582e-01
2.933444466398728578e-01
3.434831205243308316e-01
6.899277011854205721e-01
8.978371421406268205e-01
7.289227081878136838e-01
3.888302094853357538e-01
6.862551456655298088e-01
4.873805854711636409e-01
7.371253658565505296e-01
5.343337784316319894e-01
4.491800817403974744e-01
8.863439731062362492e-01
8.093782412106125257e-01
5.447664677259529409e-01
6.850507984338394252e-01
5.164405219517953505e-01
3.723468106584891246e-01
2.404821268920586674e-01
7.411525097062569012e-01
2.492998463112354735e-01
9.311509906610631049e-01
5.551655541169137065e-01
8.031564738864084285e-01
4.193235336336696983e-01
2.969646109365455255e-01
4.619851800392114072e-01
4.902869379968244345e-01
7.867032518372035765e-01
2.759752169881112271e-01
4.663238321609087800e-01
6.773247538822817493e-01
4.716618253532686156e-01
7.962673332674996551e-01
3.777622951630899562e-01
7.659987924861312303e-01
9.324963843663143237e-01
8.962961522832971761e-01
4.166167151160493631e-01
3.467568471417690201e-01
7.323813777591792196e-01
4.701744899167016323e-01
6.209648955502427015e-01
7.594100089343431836e-01
7.466763207968616367e-01
3.660948725581257279e-01
6.134905258629179681e-01
6.147269890262800907e-01
5.987748964096711868e-01
3.225301128763469194e-01
5.861388419100408420e-01
7.454175227237554990e-01
3.547963913163703076e-01
8.271942271771319799e-01
2.351207149482023029e-01
7.409492647948249244e-01
6.343990698457495636e-01
7.868378734782540684e-01
3.817957188685719427e-01
4.887908849684838297e-01
2.018161598986298877e-01
6.019487357179286180e-01
4.108257381146201426e-01
3.570360603606125838e-01
4.815450754932743549e-01
7.224411455966827100e-01
6.892640572755399653e-01
5.804473011120618864e-01
5.007484505629669069e-01
8.077016563287079398e-01
5.130106823559706930e-01
6.082007850800865700e-01
8.249220425965207992e-01
8.458576960005865786e-01
8.155284106785238851e-01
9.239611473806066400e-01
6.628828843668953530e-01
4.608144108754768098e-01
4.780757001155480634e-01
6.116331585242125168e-01
6.129202520538462595e-01
5.955268948620870972e-01
5.749575518583204259e-01
5.545441439272168482e-01
6.394953576109719817e-01
3.597403272434079313e-01
1.777766204920117055e-01
7.289761422940854718e-01
6.544575219868385973e-01
5.742676648874336376e-01
8.241999333582874510e-01
7.025598200541702809e-01
6.586757428861189645e-01
4.126011638169677642e-01
3.356397549256395219e-01
5.223325228967991007e-01
4.938426176039844018e-01
6.697961689459166479e-01
6.814257365027989177e-01
3.686743009260275983e-01
3.495665093017181757e-01
6.969225587789640297e-01
4.894415623496917167e-01
4.909758084957023261e-01
7.854647009758574105e-01
6.296590384296127940e-01
8.324780317064186530e-01
7.548704306865811064e-01
