-2.047072638492480612e-01
-1.044445947028019017e-01
1.961195215899528069e-02
-7.786004153959301399e-02
-1.788676129265770465e-01
-1.483000201933211692e-01
-2.675925705065428373e-01
-3.026298500860827856e-01
-9.793201818738064834e-02
-3.808592012680539485e-02
-1.768229264567486581e-01
-1.056008909297784931e-01
-8.245174944213193302e-02
-1.080700460779394217e-01
-1.271358886313811720e-01
-1.075347978049696479e-01
-2.323497281513777022e-03
-1.671959819670169323e-01
-1.841484516723266573e-01
-7.393138104012858536e-02
-6.956112338111197779e-02
-1.173956804165195017e-01
-9.998024218614753877e-02
9.125840021147675271e-03
-7.802331102933880713e-02
-1.298776974372065351e-01
-1.302252700330303881e-01
-1.489425079754314318e-01
-1.258106559425180015e-01
-1.099252487384660831e-01
-7.488331006492321418e-02
-1.903848162860266808e-03
-1.846105891671387389e-02
-2.408068626556345571e-01
-1.857525605874142671e-01
-2.090261567521751185e-01
-8.327286571652924019e-02
-5.839198123979350702e-02
-1.353479093393083199e-01
-3.363021409459228568e-03
-2.359542661865746405e-01
-6.566421847357632735e-02
-9.934159784069658550e-02
-1.343757801172324740e-01
-6.499913928188297274e-02
-2.492828695021118979e-01
-1.315213601250152242e-02
-5.575865000835348445e-02
-1.328600580631381922e-01
-8.354870277192551209e-02
-1.955822381506903962e-01
-2.312767259251232721e-01
-2.829403706565465360e-01
-1.199796615807301042e-01
-6.656351773854807252e-02
-4.414537967040307875e-02
-4.347898262529438507e-02
-1.252038112027613337e-01
-2.891987752403682096e-02
-1.283728935824718087e-01
-1.388894327926379624e-01
-8.832994060588460943e-04
-5.764276949767087321e-02
-1.614200609491759086e-01
5.064249755629898764e-03
-1.495803763288194865e-01
-8.469050489735958920e-02
-1.655754552643567967e-01
-1.896276649773711298e-01
-2.587294020293837496e-02
-9.479326774998049487e-02
-1.307840741392070627e-01
-1.033275702162020221e-01
-1.090586846449826952e-01
-2.697462843377215758e-01
-2.035635310105435025e-01
-7.430760837837020738e-02
-1.802914455135562199e-01
-3.095358536343868414e-02
-1.536531650585184483e-01
-1.283819816765661426e-01
-6.131467642728900130e-02
-1.629907509460530035e-01
-1.311439035401195177e-02
-4.000092224574940125e-02
-7.683615404066120036e-02
-2.201958092284049540e-01
-2.219103724821753221e-01
-7.243340620960024567e-02
-3.182848440367692655e-01
-1.166406233801410841e-01
-6.769209047243876509e-02
-7.554333310033693738e-02
-4.827142037246009987e-02
-6.587535539316026478e-02
-1.490982849172731717e-01
-6.980547990467726727e-02
-1.094298166014389811e-01
-6.750371485811526573e-02
-4.222241487971479905e-03
-2.273489320369670094e-02
-1.350846014040215370e-01
-3.365893230568418187e-02
-9.475053572333021201e-02
-3.288165874291577168e-02
-4.390205916839017702e-02
-7.297815101224652823e-02
-1.668406798808828861e-01
-1.454798629795323317e-01
-3.207655890373062313e-01
-4.473494652907958335e-02
-1.683557753811832369e-01
-9.364965523616231372e-03
-1.315224482939438555e-01
-1.468762353259931708e-01
-7.946288322583144881e-02
-1.072862063934849342e-01
-1.444378744105339063e-01
-3.192506563508578088e-01
-4.524334594660896214e-02
-9.218971026479814979e-02
4.604288954180590226e-02
-9.121601972574457096e-02
-6.824232411085943972e-02
-1.316211240931468296e-01
-8.170557889708060517e-02
-8.266579270098442511e-02
-1.897137268169598046e-01
-2.943580553881612882e-01
-1.203423571680092563e-01
-6.579059095997356887e-02
-1.195773350964516868e-01
-2.291461830199517657e-01
-1.259765415214220974e-01
-6.941889312277804702e-02
-1.563668603365871435e-01
-4.033474868279426223e-02
-7.427052754198022744e-02
-1.047856879580375267e-01
-1.134332671443601809e-01
-5.574175928192485335e-02
-1.796247099993402152e-01
-2.565493220286810261e-01
-1.144939942781037501e-01
-1.485937407337443728e-01
-1.015075506436914216e-01
-4.410142930732768168e-02
-9.558573110913996806e-02
-1.298825788129274184e-01
-2.508805825360128638e-01
-1.156331856971165167e-01
-4.825655850493393989e-02
-8.865739810093355155e-02
-3.769902934770419378e-02
-9.596259606380930229e-02
-2.108504819989261980e-01
-1.283510853310717570e-01
-1.539836726042373705e-01
-9.080815517650903113e-02
-1.982719128459571600e-01
-1.106977411688019469e-01
-1.214061965611728938e-01
-1.370993948237796412e-01
-1.277014429475535617e-01
-3.964946262898595003e-02
-8.861698020735732373e-02
-1.679646523777952871e-01
2.669260455345912574e-03
-7.901650581754232627e-02
-3.769053106452075613e-02
-1.018001719647517872e-01
-3.694015213235754547e-02
-1.804997885397089524e-02
-1.018734526025362047e-01
-2.628410518594976875e-01
-4.108208583442828077e-02
-1.541775166075367610e-02
-8.514562843884752874e-02
-2.502441779172753789e-01
-1.653000777290097589e-01
-1.700238331474664411e-01
-3.611146355304427347e-02
-2.531064453602290820e-01
-1.989630487385169177e-01
-4.961106347591916904e-02
-1.586438215144395925e-01
-1.301916874331689178e-01
-5.055534815682850847e-02
-1.890461628644341530e-01
-3.478971275223409487e-02
-7.718259985362493913e-02
-8.547624460508142230e-02
-1.018243179444704716e-01
-2.075813758946206677e-01
-8.995030420635655166e-02
-9.658374974631199483e-02
-1.151904504253480621e-01
-2.371323465620497339e-01
-1.445771045754379869e-01
-1.471136276087302852e-01
-7.589914907117013831e-02
-8.316752844018582280e-02
-1.192960560073139248e-01
-7.125025276403540442e-02
-1.459211255513882255e-01
-1.669734140810427980e-01
-1.034336064128898031e-01
-9.322134274032939372e-02
-8.755703203741274643e-02
-1.364836192489243816e-01
-1.536160275111481954e-01
-1.182719517866737263e-01
-1.328789833929147901e-01
-2.086566532969996723e-01
-1.190676728130739964e-01
-1.593044232706603280e-01
-1.806990858819022272e-01
-2.222702388320010186e-02
-1.016013219844328075e-01
-1.015711005464905725e-01
-1.592778766018158043e-01
-2.835828935306277110e-01
-5.913483230893307185e-02
-1.685303211750333874e-01
-2.780141368471996874e-02
-2.152146760923388247e-01
-1.658182839690861832e-01
-1.360248282128109498e-01
-1.379030790077370727e-01
-1.410540584792352725e-01
-1.617831869641097042e-01
-1.685209961924550581e-01
-4.670303360339153609e-02
-1.667673350477550387e-01
-1.065794569733884145e-01
-1.875767420703383093e-01
-2.836828817202766140e-01
-2.274565380707212758e-01
-1.824329264316858767e-01
-1.334858052263833972e-01
-8.690359149503526504e-02
-4.424998224049464524e-02
-1.755485099352680767e-01
-7.570153941404031417e-02
-7.129034191378828822e-02
-9.503842785243101637e-03
-5.630810011315160596e-02
-1.675269833978891287e-01
-2.207155100656435220e-01
-1.667338707765116945e-01
-2.884643307560998959e-01
-1.279201605647796725e-01
-2.831115200515578120e-02
-1.878285143876035346e-01
-1.663927535535955349e-01
-2.717434055183822264e-02
-6.030467609406855306e-02
-1.151380875929796793e-01
-1.242604935662224575e-01
-8.758272051032819916e-02
-1.594596892444372638e-01
-5.669432328969669505e-02
-8.859520086768021829e-02
-7.640288849398529925e-02
-1.277764310810720894e-01
-1.050399525126793215e-01
-9.305518030011489250e-02
-1.070705374098682994e-01
-1.966058304903568754e-02
-8.677443640414844728e-02
-3.576178151767379632e-01
-3.334043738397902273e-02
-3.722380356744003221e-02
-8.544756429685619603e-02
-1.121905847882175844e-01
-1.210417874817943662e-01
-1.587206239162391730e-01
-1.269888793936625460e-01
-6.442267840577016458e-02
-2.376286373612967670e-02
-1.456433938784024162e-01
-7.781285968658359364e-02
-1.948359671253378222e-01
-9.988019187715080349e-02
-1.703176210332304763e-01
-3.356663773083968794e-01
-2.048822282802296724e-01
-1.365581195986123597e-01
-7.920855300037388247e-02
-1.285822276016130028e-01
-2.101238236781771337e-02
-1.339206213703908466e-01
-2.102643729220045610e-01
-2.051450539945505191e-01
-2.165023560265522118e-01
-9.174836981241747680e-02
-8.735014899103699104e-02
-2.167382978084413450e-02
-2.094246719158585068e-01
-1.403276471386167013e-01
-1.597260334729802278e-01
-1.107416226999983905e-01
-3.438117365028525024e-02
-8.882662517385020440e-02
-2.154047757112787509e-01
-1.444388781133435218e-01
-1.272734986755280628e-01
-6.637887323792876493e-02
-1.402299606390689790e-01
-2.996520771931103222e-01
-1.846044645312466814e-02
-1.472965165931886256e-01
-1.658444606353750850e-01
-2.628806142635815579e-01
-2.341758904588620016e-01
-1.612080624956147568e-01
-7.924803528973957401e-02
-1.166042320211423539e-01
-1.129235699090161693e-01
-1.789200012025521092e-01
-1.177133062717275469e-01
-1.456515682198482597e-01
-4.550619948930587771e-02
-4.528282424983165466e-02
-3.979285940037165237e-02
-2.190962207842303278e-01
-1.265391275364725898e-01
-9.449848883691099044e-02
-9.178762866161180312e-02
-1.317792307288550013e-01
-1.462899889608595960e-01
-2.835730085964403568e-01
-3.414316737252324346e-02
-6.489774229705001785e-02
-1.474589856600825311e-01
-7.880801574298246237e-02
-6.550511305458142641e-02
-3.261134484151673868e-02
-1.125069484676929910e-02
-1.468305277394458819e-01
-1.583004758123204847e-01
-9.171371826492422108e-02
-9.726055608862631263e-02
-2.584424904992821750e-02
-6.960855416063171930e-02
-3.051763274777592044e-02
-5.900536671762524749e-02
-1.591914692857697433e-01
-1.175096055655684701e-02
-7.853452660324722334e-02
-1.430769421572323508e-01
-1.743199910138455710e-01
-9.403670350607981621e-02
-1.496998992039283993e-01
-1.207012103999161173e-01
-1.615221243684580033e-01
-5.637175619674807819e-02
-9.696417307428766008e-02
-5.520640000472460535e-02
-1.424680806569751136e-02
-1.673975983446600035e-01
-1.688190622214161829e-01
-6.296491564868021695e-02
-4.291815090083803130e-02
-1.065907449004150215e-01
-5.248682768153230260e-02
-2.022493690733591018e-02
-1.181993335897169641e-04
-5.020346576105450681e-02
-1.564884808844886066e-01
-4.938673174847121872e-02
-1.210839732780437245e-01
-1.523958010416945896e-01
-7.997779563964818594e-02
-3.598740436842194357e-01
-1.686185255215378875e-01
-8.039859766687600107e-02
-1.532903928206993394e-01
-1.193007892588972690e-01
-6.162121500159144227e-02
-2.791235436831328021e-01
-9.452196751920184659e-02
-1.483934243453634283e-01
-5.573900475892201722e-02
-1.505742930814047698e-01
-1.676896404630725257e-01
-8.095081468842030281e-02
-1.144875710204031755e-01
-1.512592717668772291e-01
-7.396969220054851191e-02
-8.096215333708781103e-02
-8.785259487823000868e-02
-1.527326269701378136e-01
-8.510276226925687915e-02
-1.638085841405296783e-01
-2.340760627053658505e-01
-2.378952616435339451e-01
-7.446220877819886841e-02
-1.527424655830430245e-01
-9.395747351743627407e-02
-2.910657068476760895e-02
-1.033276731672788246e-01
-6.719209755447307086e-02
-9.679817131007044384e-02
-1.453287458968284818e-01
-3.939077248322386815e-02
-3.570976949708813686e-02
-7.566910753756569963e-02
-6.781565842099894839e-03
-1.684451575761690134e-01
-1.059596481471476170e-01
-9.432863400668245468e-02
-7.208286283327859645e-02
-1.035811039697483588e-01
-2.672221173648239856e-02
-1.299544383065368569e-01
-2.270980598476496359e-01
-1.201135369840732325e-01
-1.688247936460842979e-01
-1.844217466493616731e-02
-1.290950063532487757e-01
-1.429352071174115613e-01
-5.126956724500623952e-02
-5.070440999807745291e-02
-1.370833520994217403e-01
-1.181753447522486261e-01
-1.422989888939737713e-01
-5.732569530037461003e-02
-1.618449326743791883e-01
-5.548790107917257741e-02
-1.486168408484626058e-01
-1.650416858510901363e-01
-7.332085925944728522e-02
-2.925492888686759621e-02
-2.080594016218220189e-03
-7.556107282278799742e-02
-9.098252935236857131e-02
-2.254780138275510604e-01
-1.542428166004481405e-01
-1.342347720118367005e-01
-7.902677456881224138e-02
-1.236479863568927806e-01
-5.564342416303495048e-02
-9.297307238754240477e-02
-4.713070629617099189e-02
-1.011341619694420130e-01
-6.863844513037035966e-02
-1.308657874808406008e-01
-5.755767523848652999e-03
-7.285933084592259579e-02
-1.160474496937774214e-01
-2.190154395428854303e-02
-7.623429472120508976e-02
-1.786592301189712517e-01
-1.463541493002414873e-01
-9.312380317913462879e-02
-6.909816331261615929e-02
-3.088255437222165931e-02
-7.589994519962937891e-02
-2.363791820560032925e-02
-2.153590406772533661e-01
-1.309073854232110368e-01
-4.857048235217344828e-02
-5.835436507612751927e-02
-8.273111948279250616e-02
-1.551550460814501986e-01
-8.685924702061990910e-02
-4.427916593568723136e-02
-1.133562243610161807e-01
-1.224942459968340058e-01
-1.355614757413688420e-01
-5.830274997518723745e-02
-1.131782397704705484e-01
-1.421020097495304946e-01
-1.121830453468072725e-01
-1.564048243558469053e-02
-1.373073857514345852e-01
-9.614554751601868399e-02
-1.400528246520516551e-01
-1.324290209325887924e-01
-1.208272672496050471e-01
-1.047936516048849354e-01
-1.998828793484831376e-02
-2.813711042446382926e-01
-9.879669951761940738e-02
-2.162144520543789195e-02
-2.191910707275972203e-01
-1.234585045217021365e-01
-1.059082211209057961e-01
-1.304483845754130511e-01
-7.291285533222460757e-02
-3.561715740876266606e-02
-2.144928342330173696e-02
-6.593840747924060997e-02
-1.641714731839687136e-01
-2.323327044245259709e-01
-9.071235804408372960e-02
-1.797323458742601798e-01
-1.124677722544044495e-01
-1.433609768211378532e-01
-3.422641082869418150e-02
-1.431243433287134048e-01
-2.685970787013385042e-02
-6.851533089290995360e-02
-5.893993722360462567e-02
-5.150118707502179816e-02
-6.203316645444259536e-02
-1.455729960375596321e-01
-1.387362584869172022e-01
-2.801350964205867600e-02
-2.740426106637520731e-01
4.530886441677397375e-03
-1.238676570748841743e-01
-2.198851065627692447e-01
-1.307061240054278317e-01
-8.963719294420963157e-02
-1.729626368134678030e-02
-5.019834480450410807e-02
-3.346705442551844989e-01
-9.227085070719805160e-02
-4.324451899703075225e-02
-8.089619206798967510e-02
-7.756125300801353095e-02
-1.846622232759382032e-01
-2.401347957439064762e-01
-3.813927015888293227e-03
-6.828899230052062896e-02
-1.303152930461210501e-01
-3.386574155682050419e-02
-5.399032844885286869e-02
-1.320334678259750538e-01
-5.325327420122166755e-02
-9.402149255795395899e-02
-1.282696591711416090e-01
-2.692980479032441171e-02
-1.463126083930132437e-01
-1.444817350937542197e-02
-1.054108510815703476e-01
-9.061312591100627312e-02
-1.495205216912548485e-02
-7.586288330553575543e-02
-6.316278160272044417e-02
-3.713731222071472993e-02
-1.571398841062991436e-01
-1.668561500014855425e-01
-1.536793939350434290e-01
-2.127187399853018579e-01
-3.737465528191637881e-02
-1.214062738500689270e-01
-1.266733780331669446e-01
-7.044380517813447762e-02
-3.894151703367013800e-02
-1.845600875836101440e-01
-4.694342360419490739e-02
-1.300415478503003930e-01
-2.272839927899125145e-01
-1.133109912548463556e-02
-1.426346099046628402e-01
-3.044941257289415087e-02
-1.002538047118717301e-01
-8.216624095544716733e-02
-2.926607112206976516e-02
-2.479671634952504977e-01
-1.617452913764963751e-01
-7.024090258758176886e-02
-1.697353739643499282e-01
-3.801224058871130462e-02
-1.853640981358928852e-01
-1.145808519247407675e-01
-1.125657309968387289e-02
-2.726826266673180732e-01
-7.779206089495793730e-02
-4.845570239149709496e-02
-2.332987924836115445e-01
-1.211174377819240200e-01
-2.689925986066764654e-02
-1.421165413389780252e-01
-9.141770442282901032e-02
-1.060970029946747550e-01
-1.410324936700634579e-01
-1.227219155014279556e-01
-6.578303894449563649e-02
-1.172857594666928960e-02
-5.627413003972773359e-02
-1.287870793152544879e-01
-1.652651378576841523e-01
-9.485364657372342967e-02
-4.984766770591374935e-02
-1.607452459255947763e-01
-2.082839893097730988e-01
-7.456648024075573922e-02
-6.738198489171211281e-02
-5.030676621480509314e-02
-7.943670963981576405e-02
-1.389690206692968666e-01
-2.346687382671872046e-01
-8.585392598610712411e-02
-1.367202312569789080e-01
-9.251026012777202601e-02
-1.600489751622408974e-01
-6.021286398854042154e-02
-8.340523891182562155e-02
-1.088497851437452216e-02
-4.836703513436024088e-02
-1.175020008067366450e-01
-5.148231673974761058e-02
-1.175151978739464309e-01
-2.608130219363666846e-01
-6.596728021419778765e-02
-1.484681217017959909e-01
-1.294022389951744734e-01
-1.049024451385254936e-01
-1.529472625627694982e-01
-7.839232062684931002e-02
-9.481517623307821052e-02
-1.592184843512233494e-01
-1.440423041563252682e-01
-8.378050160044087091e-02
-1.739452428754961755e-01
-7.022085784501631844e-02
-6.481513175235328883e-02
-8.901783060943430081e-02
-1.096642551599362747e-01
-1.011573311696223471e-01
-2.864108490960585660e-02
-1.328027903900684814e-01
-2.668104147678153626e-01
-9.118445282222385762e-02
-1.496335645213229537e-01
-7.619592947947062545e-03
-6.494387907492935041e-02
-1.811644195153297998e-01
-1.766169166553617220e-01
-2.480051764326226399e-02
-1.121913730688075261e-01
-1.301537350771088952e-01
-2.150240490887898315e-01
-6.024832906288050266e-02
-6.572033850892643192e-02
-1.476637421502910996e-01
-1.152511688364269565e-01
-2.556578689797463829e-03
-6.321669691522577295e-02
-2.991078388347891831e-02
-4.177169235958681781e-02
-1.036318341448613650e-01
-1.099035083734105633e-01
-4.758691749922395325e-02
-6.272445218494959729e-02
-2.310322839280600782e-01
-1.283048589535803474e-01
-1.394071709949369353e-01
-7.864101115357095828e-02
-8.795919288887110721e-02
-1.450231853899163759e-01
-4.999185394551409339e-02
-8.422332241881495818e-02
-6.650544176691154663e-02
-7.045815189179867322e-02
-1.358965628239535706e-01
-2.529278283156683599e-02
-1.115062140908670285e-01
-8.888570978995694039e-02
-1.181828496083319746e-01
-1.458596075794143521e-01
-9.382683437447793262e-02
-1.502958139937651816e-01
-6.027556529378626932e-02
-1.414795093431502615e-01
-5.152047522195785101e-02
-1.042415570967516886e-01
-1.308659277244915708e-01
-1.760381048827305006e-01
-1.273837393606511992e-01
-1.376554187620799563e-01
-2.338203481561739183e-01
-4.678895414612317671e-02
-1.593181731283232760e-01
-2.711012106688426848e-01
-9.104204793925908812e-02
-1.362815033745067850e-01
-7.706405092997674344e-02
-1.827606986638057873e-01
-7.290249929793271577e-02
-3.785357809470278612e-02
-7.465618201323953596e-02
-9.300973521906079344e-02
-1.270537702303785321e-01
-5.641488865655823470e-02
-1.966406905268514582e-01
-8.166376047415592476e-02
-1.402021408101768729e-01
-8.153043467694807978e-02
-1.870795148351625525e-01
-1.148229438788747059e-01
-8.952351669118902011e-02
-6.589518019790185921e-02
-1.672117105577130003e-01
-1.020465898126015902e-01
-1.148106661976338594e-01
-1.097957757395703893e-01
-4.532372589785019917e-02
-1.696238579266483304e-01
-9.977554341583200204e-02
-6.802949563745318284e-02
-1.646287957333208152e-01
-9.138651585896705176e-02
-9.595479682250510067e-02
-1.620023844908107247e-01
-1.052022078177725639e-01
-1.467451445564268153e-01
-1.018143025524408801e-01
-1.718948634523605745e-01
-1.096787119641754737e-01
-5.543172334712107713e-02
-8.492828288749761090e-02
-1.094432735289068009e-01
-2.137194962595460324e-01
-6.576833868193350530e-02
-6.841713044139209610e-02
-2.654777195802583700e-02
-4.982862239391273179e-02
-1.823423868069936477e-02
-3.414723724873350991e-02
-2.093112495824723251e-01
-9.880623458608939202e-02
-1.863492215063129731e-01
-7.189694050567131678e-02
-1.182188653624256236e-01
-2.160316789778421107e-02
-1.340605464051054518e-01
-7.241181744877063509e-02
-5.574594461478725449e-02
-1.138503276958454380e-01
-2.651375044277423654e-01
-7.979711776070623486e-02
-7.524418457654627468e-02
-1.291588798672894112e-01
-2.894784056746200693e-02
-5.525171659633450888e-02
-6.170789053101581600e-02
-1.849966249612337021e-01
-2.318554464922119862e-01
-2.869959329531171499e-01
-1.049543465052967944e-01
-6.896429615292204440e-02
-9.886618118898105045e-02
-1.274837775787083238e-01
-1.520476259418830911e-01
-1.503439796667186412e-01
-1.376982217000534969e-01
-1.368153676753751380e-01
-9.577565009285216036e-02
-2.301867732114003251e-01
-3.004995529569740378e-02
-2.898920039314309416e-01
