7.323084577528703454e-01
7.684544397922992154e-01
7.674212545305026945e-01
3.806307895632068949e-01
5.984196570783421043e-01
7.529640357012674645e-01
7.933128146448318319e-01
8.348219236228605622e-01
7.027445028310889130e-01
5.160085562638279111e-01
6.719448219436192637e-01
9.334556908169034939e-01
8.384680729166803514e-01
7.466945854255619963e-01
4.158702757126582217e-01
5.111328752816749477e-01
5.563343499708235385e-01
7.043721812867251852e-01
7.100927620777481852e-01
4.467700603647861146e-01
5.090026919820997975e-01
5.879872922190370055e-01
4.799767932056045461e-01
6.089674287807513853e-01
5.387403136783801560e-01
5.453288457057176020e-01
5.228614607465734698e-01
