7.323084577528703454e-01
7.684544397922992154e-01
7.674212545305026945e-01
3.806307895632068949e-01
5.984196570783421043e-01
7.529640357012674645e-01
7.933128146448318319e-01
8.348219236228605622e-01
7.027445028310889130e-01
5.160085562638279111e-01
6.719448219436192637e-01
9.334556908169034939e-01
8.384680729166803514e-01
7.466945854255619963e-01
4.158702757126582217e-01
5.111328752816749477e-01
5.563343499708235385e-01
7.043721812867251852e-01
7.100927620777481852e-01
4.467700603647861146e-01
5.090026919820997975e-01
5.879872922190370055e-01
4.799767932056045461e-01
6.089674287807513853e-01
5.387403136783801560e-01
5.453288457057176020e-01
5.228614607465734698e-01
4.554193276348515451e-01
5.858139772596696604e-01
4.397128412565168842e-01
5.995971879526565962e-01
9.348988651790411941e-01
6.618269779365988370e-01
5.279329079222808696e-01
8.087741781095763027e-01
5.523857341699166534e-01
7.749222705775837827e-01
8.351317190990831252e-01
8.521562455966972260e-01
7.506739628086375182e-01
5.760008603800766958e-01
6.303284657246863709e-01
6.303898318845756465e-01
7.051106260144206495e-01
6.511160045529179596e-01
7.633688154758865307e-01
8.076974069405856715e-01
6.052341890911516753e-01
6.315678961731939767e-01
7.465493918215331259e-01
6.482787930466364923e-01
8.563420580961561557e-01
5.663672662182256401e-01
5.767372733025852849e-01
4.451196464309184475e-01
6.133674723565450959e-01
7.314258909580121371e-01
8.313644392343686462e-01
5.404229090639859345e-01
6.605496210674426383e-01
7.064312587217610462e-01
5.247176020541118868e-01
6.592033475132040854e-01
8.527680813783996561e-01
6.133505095836639942e-01
5.800103197928848653e-01
5.517615494034145973e-01
6.138321518681880695e-01
6.917456673780632004e-01
7.121394066138555523e-01
9.013982302638658961e-01
7.249313567688980831e-01
6.778140349076045013e-01
7.350748961063701126e-01
5.870109093438057313e-01
5.030927252593075938e-01
7.996341913265184731e-01
7.016341695391675737e-01
7.207530030396792631e-01
5.515070351458689624e-01
6.894989776203935827e-01
5.682106840950299498e-01
6.180314934024645490e-01
5.501902997198288015e-01
6.471556422590988289e-01
6.893284913754904597e-01
7.194264045706991739e-01
6.077327554435836277e-01
3.208910671320518437e-01
5.673371442791382835e-01
9.355003071133010106e-01
5.869499930327571890e-01
4.329086210263978773e-01
5.083895142794849775e-01
6.281182137791639919e-01
6.077327883817591481e-01
7.665344136552924015e-01
6.806300314043971511e-01
5.450819803583937251e-01
9.476904292362006155e-01
4.646549470991419017e-01
5.787313231628750110e-01
5.498558116024002684e-01
8.097659599118961493e-01
6.209327906669556141e-01
5.978048423477887452e-01
5.050948518941250631e-01
7.711380304789506868e-01
5.820008532264482337e-01
6.958011395727459192e-01
5.463087572293821026e-01
4.033193262765663589e-01
6.317910081140017953e-01
6.947512483243218906e-01
7.781527922248194784e-01
8.714048163768763899e-01
4.393444439360165710e-01
5.818282811872376170e-01
6.361647909354796182e-01
4.659025903332552621e-01
4.592599026903423920e-01
6.412333398002771911e-01
8.010474170237101843e-01
6.296116774779528802e-01
5.191331241272791885e-01
7.852477167974218908e-01
6.983706813286227888e-01
5.378484887976208162e-01
5.964766313809866105e-01
4.983852324151024082e-01
5.142198171788074923e-01
5.022953195197734644e-01
7.414430591219477451e-01
7.623645660671236612e-01
5.386600957564280368e-01
6.981881413762517363e-01
7.713549173854403751e-01
8.453791591570148922e-01
4.419977554379941331e-01
3.572892690948794026e-01
5.975590327021906845e-01
7.114156204000207095e-01
5.975835856930601375e-01
7.559325546958097775e-01
4.722008985286292315e-01
6.652045317605650432e-01
8.489465375639411171e-01
5.896444735194222853e-01
5.173016460848093301e-01
4.740976943078308303e-01
5.971013582127223662e-01
8.685556653741078881e-01
5.510966168820550237e-01
7.398421930877034924e-01
7.796117709451605426e-01
7.229837578271691712e-01
6.465018213974256245e-01
4.271112658586695421e-01
5.481053001508201517e-01
4.353147080851139106e-01
4.943816301175374961e-01
6.759370492973484357e-01
6.273601430332104156e-01
5.041823000652990716e-01
6.216361443022377919e-01
4.927840232935906672e-01
6.795665529355061629e-01
6.632051441460159458e-01
4.677469581827642386e-01
7.498056271763230418e-01
7.207447459341919105e-01
5.203075524760424342e-01
4.450267802545800899e-01
5.242847834104144011e-01
5.920113593457811962e-01
3.989116018447650402e-01
6.331960184692386751e-01
6.061808601191953638e-01
6.637815114458840426e-01
4.996771356938821684e-01
6.316804387456549374e-01
6.908696680936945445e-01
9.005268437827408379e-01
5.924769113070328386e-01
6.304737278393731659e-01
5.424495781916199855e-01
5.641022990334818576e-01
8.176008124790516973e-01
6.799386722159616037e-01
5.521571133206565341e-01
6.422305951796138945e-01
6.761074820940830010e-01
8.244912364897999391e-01
4.744543309448047697e-01
3.505482217496393993e-01
5.289903717864873345e-01
6.182975675138030480e-01
7.092897469875505401e-01
4.724870684828187950e-01
6.004190192308977991e-01
7.538522089513328694e-01
5.167256610238241121e-01
4.053172364307180975e-01
7.538612963339876849e-01
4.517601300860540903e-01
6.698217187245946169e-01
5.803320492069011793e-01
4.390469288681720927e-01
5.814261760720658145e-01
6.337067826389158887e-01
6.964002059604635919e-01
8.072275557680392843e-01
7.607660193092407042e-01
6.483436197308343196e-01
5.589341975925863348e-01
6.145516113106148648e-01
5.550622328915532089e-01
7.374164571999403117e-01
5.420661476104110532e-01
5.236428306668918786e-01
5.840474761549478977e-01
5.913587351379860912e-01
8.097693660434210905e-01
7.882183249379761669e-01
5.651864466023321931e-01
5.543076290433347486e-01
5.510735155214973036e-01
5.563145019352055964e-01
5.967080131336428561e-01
4.988444791041282689e-01
6.333591543042444982e-01
7.946110326130955137e-01
5.149851063796462292e-01
4.656295292394963536e-01
4.538898455842804158e-01
5.920193558036416226e-01
6.162347093544915388e-01
4.768865234519453766e-01
6.946566870921917491e-01
9.032579256506780840e-01
4.723815947381438396e-01
6.716157562666817959e-01
7.554908115400098545e-01
6.740509027804083564e-01
5.137554077966079991e-01
7.497210221064491975e-01
7.781235788084458482e-01
5.864331423074812255e-01
7.581591770102200645e-01
4.825115741195797336e-01
6.976769569651756209e-01
6.463665626736362357e-01
6.629202652175040233e-01
4.193441380765390858e-01
8.140033187763373590e-01
5.855093775860454874e-01
6.946388923542443639e-01
5.080760610718312309e-01
6.702659216267085052e-01
5.741746563159851879e-01
4.360927942425229520e-01
7.204600750181885394e-01
8.912270394352401759e-01
5.782222349479473333e-01
6.086225059600439691e-01
7.565369388347553681e-01
6.214044726501206650e-01
7.836879504406137897e-01
9.368270973955524772e-01
6.391844993638262640e-01
7.941314589057516526e-01
8.366840928089173124e-01
4.735250416004986862e-01
6.386087247330082262e-01
6.011305073455274206e-01
7.944874058680213569e-01
6.562593641842141556e-01
7.196066161750999113e-01
5.189909006145783099e-01
7.457200739314236992e-01
7.028501819428409902e-01
8.316833783563125637e-01
5.713783683964110960e-01
6.830985257460905347e-01
5.871545568304082918e-01
5.877672914475459143e-01
5.541500025472757551e-01
4.373473181821270761e-01
4.330651463804953694e-01
7.091244166511451175e-01
7.840029336619930289e-01
4.295301385209241429e-01
5.177945574929316841e-01
9.297208919671279270e-01
8.750184131336140592e-01
6.744851117671165630e-01
5.521891518051879055e-01
5.659358974233203998e-01
5.856899430428723630e-01
6.290174624560261885e-01
5.794493191667222654e-01
7.147626953468664279e-01
5.123447530436441300e-01
5.824651538659618710e-01
7.072851722313946432e-01
5.707439857977821829e-01
6.338967947648821433e-01
7.106667388205882840e-01
7.203875886523007921e-01
5.789051015164400349e-01
7.725055876989765924e-01
8.731095355211049291e-01
4.909860226041917186e-01
5.768814809262073906e-01
6.208162735278426325e-01
9.541991676514125498e-01
5.094369519764289089e-01
4.322533574885696339e-01
7.476978729062431217e-01
5.992193746223128947e-01
5.704962749024962143e-01
5.884749733577885333e-01
4.725948625763883304e-01
8.149072107482426830e-01
6.948126520520810923e-01
6.614659583857014358e-01
7.151166488903163421e-01
6.273790966650409917e-01
7.811796042159396825e-01
5.904436616482025002e-01
5.585552547757829389e-01
5.732595302894847311e-01
5.426049652567311865e-01
6.996811681913704950e-01
6.206028161199929061e-01
6.788337938730609755e-01
7.297829820250394395e-01
5.240917646312373002e-01
7.174059946366653229e-01
6.395036510292639864e-01
5.641074624665568527e-01
3.915159341732982190e-01
6.552733725364243700e-01
6.331287755121368654e-01
8.220726408484831937e-01
5.669739947259905266e-01
6.131376961271486348e-01
6.238727020457095485e-01
4.832581627205523311e-01
6.797564248529948117e-01
5.701015999108639543e-01
6.458216485899942461e-01
5.096688016904576957e-01
5.922928955460777800e-01
7.401523330552171043e-01
6.573161072950081119e-01
5.066366915251729885e-01
5.682849395845043228e-01
4.806850315812160046e-01
5.895474888567399097e-01
7.644810864007451912e-01
5.292397401625901221e-01
7.712413083401760128e-01
4.279979310087311251e-01
4.589859072062941747e-01
5.697988482224383144e-01
7.243810159882456690e-01
7.671203744156664950e-01
4.722042589663807965e-01
6.575960888288245876e-01
6.324784849778930518e-01
7.115951247221538045e-01
6.035941784468741300e-01
6.989556581751402708e-01
4.973882985193407991e-01
6.039036276056812813e-01
8.632643213222699341e-01
6.769406306666136963e-01
4.686083339084071708e-01
6.155553746930851888e-01
8.719281546436614683e-01
4.403953474650308397e-01
8.570950473696244964e-01
7.881131285964008137e-01
5.854368134629279741e-01
6.599360521701751470e-01
9.085470034181846177e-01
6.675632074647882552e-01
3.878623135376716990e-01
6.607055241482235886e-01
9.034994048916552556e-01
7.371605094471537223e-01
6.530787356660252563e-01
4.921466083854397766e-01
4.394358436490184983e-01
5.202886708043984454e-01
4.202608105192228716e-01
5.749158771627946862e-01
4.619002557541086462e-01
5.909111059596912074e-01
7.335000318688936760e-01
5.111659059786610726e-01
5.527666373737644134e-01
8.336355230696542717e-01
4.474650092646881849e-01
6.782423628986432584e-01
5.199059340906624360e-01
7.022133736280488092e-01
5.423059702632472279e-01
6.331576581580146135e-01
7.134682493271117254e-01
6.022039868296864551e-01
5.095146341607625917e-01
6.667368909061262006e-01
5.627732161528987698e-01
6.081775238575913844e-01
6.387257730288649071e-01
7.159003662626178821e-01
6.892985777405596926e-01
5.714967758522992991e-01
5.413608671124789939e-01
5.723132024687707098e-01
6.434694454304952238e-01
6.036524017575410905e-01
7.355099505062994147e-01
7.039935417349330038e-01
2.852076225526624098e-01
8.344188020399500028e-01
8.355069944285649086e-01
5.069019132678034278e-01
4.065535588822905000e-01
5.757434020641282180e-01
7.362575578874730464e-01
7.568328699911731627e-01
5.498742104271123754e-01
5.135118266083895655e-01
6.603163853521971660e-01
5.346920460131467934e-01
7.044240994988943960e-01
5.425657222067548080e-01
5.199149644936723602e-01
7.084372479661291688e-01
7.187686057162053777e-01
6.703938800896532824e-01
8.523627718489900085e-01
5.118123166407891889e-01
7.972154836728906346e-01
8.298208389226793269e-01
6.173497992634781051e-01
5.269440076488403069e-01
5.888904340996469200e-01
5.219113190531605717e-01
8.452021153422326627e-01
5.383120646224023309e-01
5.618083169427753321e-01
6.039084866530399776e-01
5.140704451613415937e-01
5.323689624485684613e-01
6.287741486460156626e-01
5.922705930263786334e-01
5.407213678351334707e-01
6.919655503232886584e-01
5.629384279789988454e-01
7.998487737832149502e-01
5.892349248306980591e-01
6.001213855943674513e-01
7.435742516626046017e-01
7.258419346868141275e-01
5.863384770651171030e-01
4.166917004865011154e-01
7.408264559810593397e-01
8.690028005267153022e-01
4.603960066040833077e-01
7.682959481874008789e-01
7.688242969367441448e-01
5.663425129107516609e-01
5.305913824054220296e-01
4.442791766404211029e-01
5.707785011970561984e-01
5.116688596073465378e-01
6.190886152106809259e-01
5.310133545138373545e-01
6.276510389048743921e-01
6.715235244287151017e-01
6.984253509835992579e-01
6.350594735704584437e-01
4.554538259128778077e-01
5.889561954592009707e-01
7.799089417789215606e-01
5.953624995919400975e-01
6.980274997907743861e-01
6.487349595956500847e-01
4.957443402067906457e-01
3.748680798951135595e-01
7.567209084709040079e-01
6.437247168276428733e-01
6.936850186637596449e-01
4.458399450632215544e-01
7.380184804977488744e-01
6.674583633748629730e-01
7.009965088852138093e-01
4.311700142029584737e-01
8.827724967058919736e-01
5.073839618880089386e-01
8.177327812783177219e-01
5.019904324936819151e-01
5.540890408427402436e-01
7.110822026452384703e-01
6.837677335400270673e-01
5.920448495087471397e-01
5.108491909725834113e-01
3.714558166248088100e-01
4.869346970544909392e-01
4.967999632496583606e-01
6.735394212371222933e-01
6.513766806093163053e-01
4.649031559248466561e-01
6.457991628313265453e-01
6.254228479871644097e-01
6.963243976095544463e-01
4.055398363179006926e-01
6.076714264353459960e-01
6.701428589132644165e-01
8.040178858732609513e-01
5.299194506951199202e-01
8.898705563516328132e-01
6.460653007734442621e-01
6.226066681888998700e-01
6.985157504726433597e-01
5.374627424559563771e-01
8.460969620968459282e-01
5.069784200981438671e-01
3.694241129870310392e-01
8.598774269121421954e-01
6.274372463880959483e-01
5.202190110480532370e-01
6.841122926778374636e-01
6.106719138269716129e-01
6.378325847623965705e-01
4.525871151176141249e-01
5.125215548137097565e-01
6.457446755227365109e-01
8.460982521711107873e-01
5.966309132425861028e-01
6.398497545403037945e-01
7.629334952028052896e-01
9.112440469588485303e-01
4.877713421373393032e-01
6.475456084844327664e-01
8.040849474438673816e-01
6.963488662947113772e-01
7.232672910365173236e-01
6.963847198054462506e-01
6.312367130335235776e-01
9.027749310139248085e-01
4.592300707731203913e-01
6.718953512892604785e-01
5.536614447219060375e-01
4.436505673491450419e-01
6.763194798274695385e-01
5.091479626761045152e-01
4.719939791071303681e-01
6.504551098637878503e-01
6.396681016726959434e-01
5.733259565134751767e-01
7.990776996982986713e-01
7.080188622532824771e-01
5.565681584940117554e-01
8.139579677840559357e-01
5.909212293817076578e-01
3.640311053678300102e-01
4.742065359327825580e-01
7.884177837145251999e-01
6.308368732055684713e-01
7.174709978190269011e-01
6.439742001693065099e-01
7.434441378057244920e-01
4.157505867512731879e-01
5.510040696817554151e-01
5.999100359794652393e-01
6.279056943928563728e-01
5.568984525962540344e-01
4.778890796251799578e-01
3.751049828718522883e-01
4.647456113211620998e-01
5.623471967841163766e-01
5.591709704236440537e-01
5.162100396404557534e-01
5.225583617434024220e-01
7.138235586859457138e-01
6.814405675989256839e-01
9.108969808833400350e-01
4.816654193444884768e-01
7.248737384484571500e-01
7.519522681645661732e-01
4.126793756658949097e-01
6.424123266453242165e-01
6.136701690674160048e-01
6.303395278198042906e-01
7.766168387719826205e-01
5.180867738560247515e-01
7.541617452553612821e-01
6.156341337993646023e-01
3.977238874868925245e-01
4.264799048040013307e-01
5.945008176305155434e-01
5.794294654055124338e-01
8.976187771469487098e-01
5.122649830101853041e-01
5.610284150799492719e-01
7.062611062273751461e-01
5.241097829108301021e-01
5.392213210898434417e-01
6.180854168427725170e-01
6.485618044974421625e-01
7.440048803596933658e-01
7.142129179060838773e-01
5.232043910918596774e-01
5.036028465479150951e-01
6.045304388981393995e-01
6.683172885407319130e-01
6.730109080464091731e-01
3.967662558871515865e-01
6.494492147279997685e-01
5.018617944933834174e-01
6.290366601572993099e-01
7.412323445932007537e-01
6.540507607270354962e-01
5.348397667679661849e-01
7.303554028233837370e-01
5.466948989307506279e-01
5.014485701458820666e-01
8.595709391048164116e-01
6.667826307196008662e-01
5.677616613366950338e-01
5.818168897899628211e-01
6.847575085737129807e-01
7.336169441817536052e-01
6.546790804038510325e-01
7.424655725163648023e-01
7.521982585346929095e-01
4.762554755047180288e-01
8.462425265465224333e-01
5.019806954930169374e-01
5.114680405824874043e-01
4.744054843149730916e-01
5.923249392473329822e-01
4.378687717473721541e-01
6.162528979927862638e-01
8.079686012604259115e-01
6.568201825748228861e-01
7.798058531225442458e-01
6.197920995318380033e-01
5.466172077194015877e-01
6.410409571168835807e-01
6.754628130015705167e-01
6.903796881919379569e-01
4.719807637080966622e-01
5.993340230569828009e-01
8.319489635582210108e-01
6.815670940765369279e-01
5.405652904420737981e-01
5.091331530332577904e-01
5.689075147106252839e-01
7.801266617508866297e-01
7.771860353793867970e-01
6.612017730255559389e-01
7.596980709410610100e-01
5.904683091339789636e-01
7.022519074609732126e-01
3.862691900852878724e-01
6.659850349543676717e-01
5.912295767144096770e-01
7.631919141230658621e-01
5.341340473371510855e-01
8.092035593929043369e-01
8.720464889734013125e-01
7.315855943454195875e-01
6.104073107700587197e-01
6.510714763031083541e-01
5.660740833049239251e-01
7.565749469082501122e-01
5.265370355462426488e-01
7.960471898090565324e-01
3.866765426498157687e-01
5.115534415608107288e-01
6.142065058222628826e-01
4.419998722713294192e-01
7.217769666858321331e-01
4.829213725735542750e-01
7.438902302920752385e-01
7.306032330086037474e-01
7.163243642243488640e-01
5.639635489250706124e-01
5.598532792651688128e-01
4.841031283208397928e-01
5.334657639451368949e-01
6.339516904168270850e-01
6.818822469103947848e-01
5.909274383436319278e-01
5.659700960574832740e-01
6.411889380698075902e-01
9.113611918011427226e-01
6.595412299458588423e-01
6.363501540313404314e-01
7.460619857395359711e-01
4.898794643866264398e-01
8.004250455982770962e-01
7.508349950930119920e-01
6.596295665886900972e-01
7.063484104195006941e-01
6.838537828727020429e-01
4.350957997997523252e-01
5.975850803384432641e-01
5.910383842946055344e-01
6.463021460929374573e-01
8.264199027004062170e-01
7.087029300910880902e-01
5.415397989196253370e-01
5.442873032755066731e-01
9.434385365033397530e-01
8.520004513189423090e-01
9.086064240568539896e-01
5.624318052196700668e-01
3.624299867463793845e-01
7.833531849304624650e-01
7.454263741776157026e-01
3.784078414423961423e-01
7.229692991480730635e-01
8.137825556417306316e-01
6.233900630727730041e-01
5.640005796812911365e-01
8.652701507606892495e-01
6.289863612774440060e-01
4.796765683039102557e-01
7.836301570753531065e-01
7.933234103849842178e-01
6.441470061916635403e-01
5.946757694590416587e-01
6.260258236575372282e-01
7.370151600281730220e-01
5.062298778003586630e-01
5.555182003513796651e-01
5.187464824660791285e-01
6.024173359715243592e-01
6.607207646814393653e-01
7.560740670951981990e-01
9.168971780640503555e-01
9.053524541077156984e-01
6.189100766720259106e-01
4.688684121627068602e-01
8.759070347767450304e-01
5.406538813069617921e-01
6.567658541653870197e-01
4.738719406707248560e-01
4.544350782760453455e-01
4.169536811592406411e-01
4.742129387931620643e-01
6.197265956323187996e-01
6.326094237580880408e-01
5.722482840490031863e-01
9.163880999808244887e-01
7.445276165819005865e-01
7.211686809869533032e-01
4.621262489884103153e-01
9.349733770386279286e-01
5.120628051660589541e-01
5.391610731065398232e-01
5.580951074660958078e-01
5.516879035640286366e-01
5.442593063214875571e-01
5.212858345522114467e-01
4.635783866859806701e-01
5.166021386703608664e-01
6.702935361719759566e-01
6.563051137649734690e-01
8.318129024565730223e-01
6.037291430492572886e-01
4.413450293696936089e-01
7.575111174715909446e-01
4.494674848460465388e-01
3.903011756670130006e-01
5.082246037266570093e-01
5.225802513875005273e-01
6.242665651429920581e-01
5.611487235899320636e-01
8.487876377324606869e-01
6.951413325404270926e-01
7.080636852627539835e-01
5.447765515506082235e-01
7.143206322499457972e-01
4.403628381223667065e-01
7.149728489068291060e-01
7.684411822211298926e-01
4.640762157149658229e-01
4.939113911207506091e-01
6.901131659089525527e-01
5.276000056891445578e-01
6.793823267967182833e-01
5.149839498231163493e-01
6.708367241674128012e-01
5.710630538010957880e-01
8.773797161577886472e-01
6.278187399168604355e-01
7.452129797486177765e-01
8.729116053442962375e-01
6.744046084078108017e-01
6.764346657649175087e-01
7.443829732259406029e-01
4.554893810893639872e-01
7.561141646972565633e-01
6.234726998380208940e-01
4.643022132293142534e-01
9.647543433176798411e-01
4.873315294063511049e-01
9.236320693637132262e-01
4.677770566436459387e-01
6.211294048258172440e-01
5.316850465533089487e-01
4.892323638934924501e-01
4.500257301940320254e-01
6.182397209619057143e-01
7.186802465151923558e-01
4.698851439729329060e-01
6.170849621552082498e-01
8.555588776370821602e-01
4.991091461142900809e-01
6.195061868011231265e-01
6.384633979450472507e-01
6.498195876081808153e-01
5.384629080621449182e-01
5.372699333388116782e-01
5.913654560337363586e-01
4.096411258699944047e-01
4.970088270269338859e-01
5.268945509188013299e-01
6.595945275591239554e-01
3.676525194049312661e-01
5.338065863213483642e-01
9.290632499501451091e-01
6.672280478870513676e-01
7.390831110913956836e-01
6.529242851495526967e-01
5.511163981891389341e-01
5.735255590655120583e-01
5.612663309244547705e-01
8.098190954990638346e-01
4.279987969510798407e-01
4.509873418246829746e-01
6.549053783929227324e-01
6.198080801928569361e-01
5.066013516511328474e-01
8.531446900867019068e-01
5.878011650058102555e-01
8.653158067474906456e-01
7.673161339251084456e-01
7.630284645949285682e-01
5.443284600095332770e-01
3.921479944721631417e-01
5.013447782904082439e-01
6.782824140787671041e-01
5.158382565469376013e-01
5.729865451642254248e-01
4.900403736542734423e-01
6.515161559389094359e-01
4.237125223428152010e-01
7.997498204743195283e-01
8.430614293005999071e-01
5.488163611228906724e-01
7.662260413653889657e-01
5.365413021101914648e-01
5.903569856897628032e-01
7.034793538944535962e-01
5.200885607153378221e-01
5.380847011655920387e-01
5.525104609589985838e-01
4.150497965326866434e-01
8.015329858644800742e-01
7.018481096823062648e-01
7.275978480591070996e-01
6.745697896840229246e-01
5.210724144489742304e-01
7.548019151591111031e-01
6.582992154701584608e-01
6.381178992635478942e-01
6.215276466591376225e-01
5.128552774444604667e-01
6.654951889771236750e-01
5.189449631718363598e-01
8.510329124324036432e-01
4.955777790669141925e-01
4.048848542717828902e-01
4.602206762655104977e-01
7.636968905792385076e-01
7.677327017945951848e-01
5.675588519346063121e-01
7.815217989960143719e-01
5.962132219321475413e-01
9.003681034786993331e-01
6.934750158334852532e-01
5.556559207226052788e-01
6.085825352132497867e-01
5.857123861469875070e-01
6.748181055229778291e-01
6.499691430291616445e-01
5.175727159995251458e-01
4.647079253121220721e-01
4.708474865902405604e-01
8.919643260104548332e-01
7.903781130498843677e-01
7.142312490665129188e-01
8.277566895407837411e-01
7.031945922680068461e-01
7.659463660017337139e-01
6.572849563576140808e-01
5.375395913782800017e-01
5.616601766754019120e-01
4.964197819980657456e-01
4.854733414473582087e-01
6.685177058240103776e-01
4.582954615296762624e-01
3.710367610886665668e-01
5.302191546929487798e-01
5.490807603324944219e-01
7.253092635264825061e-01
7.217381670025539986e-01
7.443352161095290187e-01
4.612384983376965897e-01
6.077366217915566304e-01
7.593229943047958841e-01
5.956879146119180568e-01
6.194045533832250872e-01
7.633279820559599749e-01
7.538827935458398688e-01
5.640927447448101928e-01
7.996227525781516299e-01
6.602202250397037897e-01
6.623493193875977791e-01
7.075743076968992185e-01
6.610212275075788568e-01
7.153292842271844476e-01
8.103297202466736016e-01
6.627665079046687335e-01
7.020141309474702274e-01
5.710044342568658671e-01
4.396796826616497511e-01
6.484212551815086156e-01
7.866686789237581356e-01
4.478827495485825927e-01
7.477026993699571467e-01
6.470683416948334044e-01
7.529468890940689274e-01
7.302066016329969989e-01
5.415688127006876851e-01
8.171949197866826831e-01
6.750574149167496429e-01
4.744212075240096804e-01
7.783788305871484070e-01
6.612280416084512780e-01
5.142686921746816298e-01
9.021953379060789757e-01
6.498755463209345828e-01
5.383371870244361146e-01
6.345248069828630655e-01
6.300148355992121196e-01
6.241830493427329429e-01
5.071832073793532958e-01
7.260885996066658299e-01
8.439506868655224370e-01
6.054409615373101961e-01
6.322732895328851965e-01
7.313436575916821836e-01
6.651319092748888551e-01
6.015250641697188483e-01
5.681577935452624128e-01
4.923955852548808632e-01
3.605997433151749698e-01
6.545583396638204876e-01
8.372390893505149423e-01
