3.667918473508092747e-01
3.562573389535896307e-01
4.020508872701015202e-01
4.403608317218302148e-01
4.400764078091328746e-01
3.980791708708995014e-01
3.473523104109937920e-01
4.130445447894003363e-01
4.356695205422931316e-01
4.781069491821127171e-01
3.586091735190117813e-01
3.241959905731133795e-01
3.771443857364008556e-01
4.535565287124889156e-01
3.712547130470191248e-01
4.245974421653347930e-01
3.436201467873647442e-01
4.305139116631562790e-01
4.432824344182573206e-01
3.912950899000268712e-01
4.503138161942509821e-01
4.520908022747281985e-01
4.083648446467480486e-01
3.777640984581387418e-01
4.857560798989669082e-01
4.170458788435555397e-01
3.697367563928756207e-01
4.360717265596500414e-01
4.573383149908697431e-01
4.323132852948673999e-01
3.831821504662795141e-01
3.156668714334718295e-01
4.309366951661756096e-01
3.655666270375777516e-01
3.624667277300306356e-01
4.591199855403239605e-01
4.132162950804380008e-01
3.528997968569853039e-01
4.094347056534692886e-01
3.953427908369637200e-01
3.448545283346189927e-01
3.667298794613351731e-01
3.758028957241440482e-01
4.101273795659521326e-01
3.986363636556571333e-01
3.507153177442167147e-01
4.363980932671648882e-01
4.858104002912210229e-01
3.982879994251192213e-01
4.412179385509980567e-01
4.378991453669082712e-01
4.709013949048039271e-01
3.479654499684415314e-01
4.694320602159876010e-01
4.807263708110369738e-01
4.861664767915353513e-01
3.898601995601960746e-01
3.428019841468036288e-01
3.666256779357376372e-01
4.079845672148650348e-01
3.599686142810636369e-01
3.565289613699873517e-01
4.786347213333249639e-01
4.769488023181133740e-01
3.981268325823396070e-01
4.127769604055172570e-01
4.309561932196427358e-01
4.365334058767109671e-01
3.482529395277347284e-01
3.955913873897582422e-01
3.572197465893954260e-01
3.839774978446383602e-01
4.522021340307408321e-01
4.953516012119006939e-01
4.046136511974191552e-01
4.652360343944502707e-01
4.103872533272909795e-01
4.485993464846233514e-01
4.032606926727395069e-01
3.879552303164802707e-01
3.657633304017074982e-01
4.158703958119506772e-01
4.200543995887305315e-01
4.022576917920860917e-01
5.263553677120560437e-01
4.240111482235317530e-01
4.054530415804270538e-01
4.137087181114091905e-01
4.201322445796232263e-01
3.431849108448712937e-01
3.890589600548564064e-01
3.362462930250418869e-01
4.104867880134231428e-01
4.895494918372720883e-01
4.000913091965298540e-01
3.883762359289354982e-01
4.499157027563176481e-01
3.148978490177380962e-01
3.815572420713524981e-01
3.727089941899932035e-01
3.297760135236534329e-01
3.865995876587760005e-01
4.031921157505116704e-01
3.854803719109929916e-01
3.520142680304617633e-01
4.494426593586708374e-01
3.744456357179644090e-01
4.895120263342249700e-01
4.979503932835516178e-01
4.175767771833658326e-01
3.446352021774691798e-01
4.138307788778674001e-01
4.413461555489313626e-01
5.304291046528908371e-01
3.645716354307188545e-01
4.066314959628896109e-01
4.473776624079842668e-01
4.408873660939994221e-01
4.922578834158182204e-01
3.761081849344270478e-01
4.002868673623390938e-01
3.473765825227312365e-01
4.207973980250414026e-01
4.725557622276407854e-01
4.215741423578012737e-01
3.367428985761635740e-01
4.005614226057553351e-01
4.405908911851304510e-01
4.040649800210218134e-01
3.911782066740052688e-01
4.705707741839627589e-01
4.622936706470666679e-01
4.785118262956152280e-01
3.909810804240687609e-01
3.485115285192313950e-01
3.534315946672340614e-01
4.322321671095640250e-01
4.708862996755884267e-01
4.704022141333046303e-01
3.740848046019462081e-01
3.618631609948745331e-01
5.254792720747987200e-01
5.056566857613263855e-01
4.675517397831916444e-01
3.748246188313675287e-01
4.224961114063610634e-01
4.671099445540544681e-01
3.695181861810013513e-01
3.811648076878882407e-01
4.035830557113700423e-01
4.396233842309857920e-01
3.360042620287868043e-01
4.512076875746141025e-01
4.734136625583557079e-01
4.197945002017639538e-01
5.428431784369699420e-01
3.644820080487687908e-01
3.954578816243477513e-01
4.417127746481745998e-01
4.130455123487436486e-01
3.399792114845132107e-01
4.542189954975716648e-01
3.826615046237376028e-01
4.226554826151886490e-01
4.323713095565530629e-01
5.090594092264574266e-01
3.863598329868860870e-01
3.842715445134364805e-01
4.339836662631141317e-01
3.525291581704919630e-01
3.481628061129942719e-01
3.843750078111561885e-01
3.581710494256159505e-01
3.951910061028580112e-01
4.818927851806634743e-01
4.733282665003567535e-01
4.571103333585807560e-01
4.538271579773900388e-01
4.346453125004494655e-01
4.823158769489084285e-01
3.856810009282034546e-01
3.873585673003827057e-01
3.968233203407561804e-01
4.087706203503917446e-01
3.633736507442572594e-01
3.651760420158840503e-01
3.517747929641079074e-01
4.655394192924209862e-01
4.524057636651956926e-01
4.677576474358763892e-01
3.725979327809340602e-01
5.589707500788120287e-01
4.044269318376907951e-01
3.108297346184722976e-01
3.901443255854546432e-01
3.299089445474199245e-01
4.710699312114160486e-01
5.022938992660896940e-01
5.079247851520750645e-01
4.070020533102522431e-01
4.112265167296025314e-01
3.901616770590041194e-01
4.705792491444311110e-01
4.583110286651419507e-01
4.214626669595698538e-01
4.142187755713319652e-01
3.926927582616824286e-01
4.778228793940651475e-01
3.115812887512741658e-01
4.474307289508063779e-01
4.466060415901022540e-01
4.561937631122836012e-01
4.255375530225846692e-01
3.782217212714880650e-01
4.709987265197163042e-01
4.787568836698205543e-01
5.260822146025251334e-01
4.104612721142268383e-01
4.321295008406991767e-01
3.844153082653356535e-01
3.502613815856476798e-01
4.825802390813433984e-01
4.972812391887169725e-01
4.858615803430214042e-01
3.514475275981808200e-01
4.405667201027734237e-01
3.640874842576279358e-01
4.777972390586588958e-01
4.338403639909019227e-01
5.074301639192906332e-01
5.298898012185362383e-01
3.629427456008985642e-01
4.837804204268356667e-01
4.722864916484786346e-01
3.271988727527386231e-01
4.297363091957874248e-01
4.053987453170961319e-01
3.565907976814937097e-01
3.956641716490957861e-01
3.386745316469137457e-01
4.240284240578597874e-01
5.822236468777858276e-01
3.544230087367334359e-01
4.653385504032008235e-01
3.538026735654248855e-01
4.825812576873475535e-01
4.547380585380398355e-01
4.361650975477615599e-01
3.995521003204280386e-01
4.861595864333890793e-01
4.245692192622045891e-01
4.127085125967268620e-01
4.681596297744222146e-01
4.550112236610867056e-01
3.323434744147333864e-01
4.680796584145049954e-01
4.058314505476195988e-01
2.915870226383531771e-01
4.289768722474308627e-01
4.637550982169007519e-01
4.092233665723956082e-01
3.907070523645461702e-01
3.638289090058666186e-01
4.360626293703432910e-01
3.798556100791884438e-01
4.326004384045460949e-01
3.906016956666570339e-01
4.695691314924873017e-01
4.055740255249644655e-01
3.838855866178276233e-01
4.124423631836698911e-01
3.996378959100995165e-01
4.867807838577924984e-01
3.712534632903828347e-01
4.531665914030372777e-01
3.843105146734898114e-01
3.510966517501584172e-01
3.740940232710182056e-01
3.235885027331213970e-01
4.929266571780103745e-01
3.138192150376166167e-01
3.892527608167465347e-01
4.411374855159909125e-01
3.482766768237552935e-01
3.508053722326510138e-01
4.617643501397215577e-01
4.546910277141537615e-01
4.452807653426124612e-01
4.642824589077831909e-01
4.879366753186995531e-01
4.097293087486120200e-01
4.739646725585867082e-01
3.811597968071070985e-01
4.261381264944680280e-01
4.293164295399504171e-01
4.121003788158516534e-01
4.299883832278300622e-01
3.555460363501557475e-01
4.346256675848944595e-01
3.924704217994258171e-01
3.928921026128073257e-01
3.420069136536202925e-01
4.509355440072024268e-01
3.685242943942751426e-01
3.827690203255882939e-01
4.347337511272555965e-01
4.676466812905952231e-01
5.011543617527269845e-01
5.055568830561738558e-01
5.292613257089169299e-01
4.287925365797240485e-01
4.851194277658158471e-01
4.919312356678763321e-01
5.236200398826720281e-01
3.619862890789378729e-01
3.889982144943788800e-01
4.705797119924594596e-01
3.134427062119375940e-01
4.029255250799205768e-01
3.928734022879635801e-01
4.309393086266578576e-01
4.265176594387262710e-01
4.494034635066796457e-01
5.366146292852209676e-01
2.918879886896536546e-01
4.951734079054083693e-01
3.611954173055121897e-01
4.958441245164177391e-01
4.981896226006032324e-01
3.465851986774342586e-01
3.789221580038507065e-01
4.022899845937533692e-01
3.652243142617596083e-01
3.812380257343591095e-01
3.661113159053177024e-01
4.106352611456851043e-01
3.894606726711800082e-01
4.128701240847540421e-01
4.751929453860874175e-01
4.082542266680279086e-01
3.693904781768919121e-01
3.230929821506743349e-01
4.181275279350541996e-01
5.041325972302043157e-01
4.120388885902911968e-01
3.373844694791192644e-01
5.098927027069645179e-01
4.250124047282141104e-01
4.063595646662990779e-01
4.574808093271168219e-01
4.317703070987163327e-01
4.914294362600633015e-01
4.932270369995098713e-01
4.161375699386246074e-01
4.273459446746510348e-01
3.937170629729700444e-01
5.604591072700777499e-01
3.867013084328001504e-01
4.386351130581625513e-01
3.985578000436745261e-01
4.436523460871706348e-01
4.412324508351927466e-01
3.676212760362845278e-01
3.636188214950606401e-01
5.530351549137704215e-01
4.155481450163501789e-01
3.595737700505641232e-01
4.429656686884505534e-01
3.919941656577957123e-01
3.738335857732905665e-01
4.695647985394276192e-01
4.506742222757549876e-01
4.121210979800228880e-01
3.994753410528723570e-01
3.386434414644962643e-01
4.085781832654956647e-01
3.704244895424338990e-01
3.655052131662382964e-01
4.389442091470588392e-01
3.356182608514510224e-01
4.273062026995837481e-01
4.077741285183598685e-01
4.047991212639178160e-01
4.162429648305436269e-01
3.839033098316507742e-01
3.897165320776253550e-01
3.808739642692235416e-01
3.611088000464683367e-01
4.381863526610032533e-01
3.879664242864682699e-01
3.124802146004955761e-01
4.634742877679450812e-01
3.992797350061683681e-01
3.370697783999765385e-01
4.100049334291768766e-01
4.033737695231613962e-01
4.585443662487580507e-01
3.526007144629125234e-01
4.361058328187635280e-01
3.919005637847482459e-01
4.299326133932021565e-01
5.156162333812295273e-01
3.470805693145740389e-01
4.501797799121879939e-01
4.020165018958246628e-01
4.398581636754836932e-01
3.969593206138710140e-01
4.295469106587912478e-01
4.413253933179419053e-01
4.835780307847504234e-01
3.188758597569997799e-01
4.200776847817692672e-01
3.017722428252644362e-01
4.728025087946666205e-01
4.740340246521798639e-01
4.760826986468808530e-01
4.659184854356731020e-01
5.058236309413757237e-01
4.310485480678518111e-01
4.513539092420212340e-01
5.497687370440919041e-01
4.030559683427942796e-01
4.904054575389756310e-01
4.699541316157863635e-01
4.793352469902258939e-01
5.306061003565208933e-01
4.700429934056377657e-01
2.879213344076150816e-01
4.978060771246270444e-01
5.093554755797570222e-01
3.588402988677220629e-01
4.174288946242684095e-01
4.149612166668568691e-01
5.043143716749490801e-01
3.433563860764506370e-01
4.935262081805685264e-01
4.099824433433424398e-01
3.455336330644949161e-01
4.312670994178555706e-01
3.905797884768931749e-01
4.627946934155226510e-01
4.341085964259452368e-01
3.603378037858073757e-01
5.020539401539504398e-01
3.945521532135031761e-01
4.423105777146946194e-01
4.472644732066495821e-01
3.658430854392772380e-01
5.080611625013237154e-01
4.110070803211463564e-01
3.962158825136865570e-01
4.336819851751443911e-01
3.930371805585476386e-01
4.861991343339772120e-01
4.379839733760759746e-01
5.394742059244733712e-01
4.969529645681727836e-01
3.872977704993079140e-01
5.057434353658466497e-01
4.568891109753264179e-01
4.220002932205719759e-01
3.549311587333582318e-01
4.227808141549278531e-01
3.756023867171619512e-01
4.066861684960047518e-01
3.272852279374324214e-01
3.923119276604666306e-01
5.224555038160453302e-01
4.575197648766141656e-01
4.019074485028530375e-01
3.969047222987410750e-01
4.060964123425415684e-01
4.605614731623757230e-01
4.753432696599781959e-01
4.210882729492722021e-01
4.435793421870298237e-01
4.391944513486703006e-01
4.136689435302320916e-01
3.393311675743214684e-01
3.221180783392553204e-01
4.374397752363179404e-01
4.757147465628562277e-01
5.162029823217956226e-01
4.326777410235074228e-01
5.316583819688175394e-01
4.631895935262063113e-01
4.675261372314671315e-01
4.588285363194974931e-01
4.706879005139336658e-01
4.096628173120306915e-01
4.609583058842609549e-01
4.562493001363858713e-01
4.500413318877160007e-01
3.742222256188628138e-01
4.315084862081255412e-01
4.593961743435483469e-01
3.519209241337019067e-01
5.119164489603493795e-01
3.398688084143629551e-01
3.732548516977839403e-01
3.896324319040850859e-01
3.958566927985827100e-01
3.990689933118153343e-01
3.490090241461214493e-01
4.618451717502027321e-01
4.465248802877350709e-01
3.784472063450144974e-01
5.341051352133584507e-01
4.010941614077908612e-01
3.836565986483791990e-01
4.608318998061974869e-01
4.944232645896904921e-01
4.583409522613325904e-01
3.774679241044894829e-01
3.953818871931343848e-01
4.414166867353922497e-01
3.577349916909063898e-01
5.221152485500649698e-01
3.542577714045476722e-01
4.239114121217068543e-01
4.242052090664794051e-01
4.240717611770276618e-01
3.925035901609260081e-01
3.890323195709418647e-01
3.836624722014023714e-01
4.651697650551459007e-01
4.398804891583739107e-01
3.970144368498467191e-01
3.976486094223467549e-01
3.716595649223307651e-01
4.889419674815910777e-01
3.716991953380067715e-01
4.200691690056843064e-01
4.543864314220293354e-01
4.871084224201266966e-01
4.225145157585170064e-01
4.004011236295055287e-01
3.494294594030996626e-01
4.268102286381171839e-01
4.375211861899481747e-01
3.748819552699746982e-01
3.316756571092041028e-01
4.514871304832138721e-01
4.892959227781815690e-01
3.323182222617272474e-01
5.393062540595268128e-01
3.892943757671794569e-01
4.045255157484625164e-01
4.012543047330025536e-01
4.615685867964493538e-01
3.739239066945774792e-01
5.358734091969428182e-01
4.095605552541002892e-01
3.608690520031078708e-01
3.986981963419224395e-01
4.239171292687450854e-01
4.375449985149901244e-01
4.654471004770900366e-01
3.717628440866164174e-01
3.705312849744392678e-01
4.374703974364710923e-01
4.401176959638961605e-01
4.340248033535737959e-01
3.599054704031258156e-01
3.387104912824563385e-01
3.509677705968640704e-01
4.162171662570992026e-01
4.567965179544636323e-01
4.358953380520639853e-01
4.503591186855013806e-01
3.867188836467917445e-01
3.666209774502727226e-01
4.416876541770477504e-01
4.085476298010927154e-01
4.393249424863062136e-01
4.493777364457531287e-01
3.410668052264564931e-01
5.149240643684440677e-01
5.275499539596514298e-01
4.315346935228279168e-01
3.722764388303392291e-01
4.522956781765143930e-01
3.722733445990052958e-01
3.610878663837061020e-01
4.471780173896888755e-01
4.293495029831126963e-01
3.933246288263372858e-01
3.237263903369476115e-01
3.351865380424953189e-01
4.070593130963796047e-01
3.638564271855715959e-01
4.988229056699536867e-01
3.580705422366297630e-01
4.072511478009216979e-01
4.040624708276871480e-01
5.279727570053434071e-01
4.381798919541136095e-01
4.504639010822577561e-01
4.289460003391520893e-01
4.108103292498134218e-01
4.846910257092467145e-01
3.786654940061248142e-01
3.652691529079855615e-01
5.303260552194957178e-01
4.406843025164388639e-01
5.180146817107801338e-01
4.365613360887046213e-01
4.255159643156838367e-01
3.203658309976726848e-01
4.447809630187433139e-01
3.776693861071517833e-01
4.483203041820360002e-01
3.965836313564885529e-01
4.338768043971553690e-01
4.695278617702020596e-01
4.382107491249710440e-01
4.366494701039850823e-01
3.918742009598567555e-01
4.036038176687614665e-01
3.936189974921369683e-01
4.704576198082963123e-01
4.602918332928952472e-01
3.430027353692279291e-01
3.564207874280906907e-01
3.879641208334524416e-01
4.889642779683411322e-01
4.554558843827952730e-01
4.667417501357174481e-01
4.443055769962070967e-01
4.477550439645855418e-01
4.791826798936574261e-01
3.740083568746894738e-01
4.299135551296294211e-01
4.354854622096246963e-01
3.760413183520800451e-01
3.698443584846278775e-01
3.922521632742765330e-01
4.052863551516909246e-01
5.064519926757975465e-01
4.185615438540246092e-01
4.685668482023991888e-01
3.564556401364479266e-01
3.618287537832515777e-01
3.641495982557041433e-01
3.977950720117431893e-01
4.310021667625696384e-01
4.522923972395986869e-01
4.723558147935175699e-01
4.856819059902767188e-01
4.937604210116592895e-01
4.546293758118989947e-01
4.804866343433560893e-01
4.324961500272410664e-01
3.881611806924836761e-01
4.277879836483497455e-01
4.145210028981577421e-01
3.894906595330033250e-01
4.485910155951702283e-01
3.702572446498533232e-01
5.101691400615946392e-01
3.271770685678080937e-01
4.174951307673436252e-01
4.730484201082825746e-01
4.237915134162297814e-01
3.251978477162765224e-01
3.284298909040686554e-01
3.991020137428479275e-01
4.825431597037516118e-01
5.475275015035084847e-01
4.915600878050395139e-01
3.792687872403772142e-01
3.727517558433360301e-01
5.324876380753963412e-01
4.718840800104574518e-01
4.212789694580344468e-01
4.281373342967207396e-01
3.680746429173962220e-01
3.135406385468613721e-01
4.888191472211111943e-01
3.299486339820805192e-01
3.443578955347316173e-01
4.449932820602349182e-01
4.296409866486549101e-01
5.598628253022660539e-01
3.956919688496429721e-01
3.977042576671621643e-01
3.430623100158153860e-01
3.456443188261548172e-01
3.686778021623288160e-01
4.257414253981812724e-01
4.499836180772900374e-01
4.441647644629704295e-01
3.242058614000976058e-01
4.148712199750046459e-01
4.180398750178037082e-01
4.089436659878885605e-01
4.151088657160176831e-01
4.456398649185413507e-01
4.097113114508976195e-01
3.484884524164559849e-01
4.203948210352168036e-01
3.789176242078108880e-01
3.975149196296158260e-01
4.245156212381452354e-01
4.147655394315062360e-01
3.367424907830499081e-01
4.492425648440587227e-01
3.729587624195793705e-01
3.181406357524302897e-01
4.642428366806753970e-01
4.163653415895363641e-01
4.770385639295621760e-01
3.618165823194143260e-01
3.902175676696814643e-01
5.098130797206593678e-01
5.174645897168325126e-01
3.422360640823811084e-01
4.780389242831543095e-01
3.510003661442928635e-01
4.115752242064592559e-01
3.867073993162254419e-01
5.253428446677472774e-01
5.029307222146434109e-01
4.168456813137342842e-01
3.414852847407490732e-01
4.009883848224220504e-01
4.826452206361019348e-01
3.720077382871158633e-01
4.942719019428738481e-01
4.956563938917548096e-01
3.772137294647792682e-01
4.352002161389710855e-01
4.372897199043417893e-01
4.273771844418793320e-01
3.491270897492760872e-01
3.601919705138889038e-01
4.671796923275342017e-01
3.555444054909444040e-01
3.046166245120492944e-01
4.418630710406285522e-01
4.349599409642878056e-01
3.150364314574198299e-01
4.835789447154610898e-01
4.723465469377188253e-01
4.012427981468193461e-01
4.584572710242385551e-01
3.750029179104072408e-01
4.078698443813232877e-01
4.493129030275725966e-01
4.675474378533897024e-01
4.107511149049849486e-01
3.423197637424236217e-01
3.332341514581101949e-01
3.847135033873208543e-01
4.208002615014875269e-01
3.302577933291491186e-01
3.647698482655818975e-01
4.449805148672827948e-01
5.205441869797763355e-01
4.057661965414921523e-01
4.561570423983873912e-01
4.421747623800393878e-01
4.172502568766351949e-01
4.067104195205301087e-01
4.118908188354563626e-01
3.247354564081378903e-01
3.862078605487630489e-01
4.078598586556157479e-01
3.833658717865146004e-01
4.870228138388268957e-01
3.687256376914617162e-01
4.913867914103146051e-01
3.734956953839141391e-01
3.047815150066952583e-01
3.964828603341051250e-01
4.773148454586627065e-01
3.648566552578549893e-01
3.316955999802906341e-01
4.496051668292616044e-01
3.909026706719339050e-01
4.565945915607802497e-01
3.623471958372522228e-01
4.400343240147751578e-01
3.492713463152988251e-01
4.894403051716926800e-01
5.267123192448496249e-01
3.376652487944967751e-01
3.713431545050011051e-01
3.513563435193524653e-01
4.210608105457728234e-01
5.067826878423962178e-01
4.242413004605187776e-01
3.184950580389055985e-01
4.807409960169489183e-01
4.083043567204350244e-01
4.146113069011179708e-01
5.467510174919265609e-01
3.964606837459622168e-01
4.247191451361665426e-01
3.281490272702521360e-01
3.905639224243094287e-01
4.505103357092622440e-01
3.810438944388354066e-01
4.164029691970146940e-01
4.427744570354068543e-01
4.166853449926634090e-01
3.977653172394522429e-01
4.886348788508056429e-01
3.967104643066249881e-01
4.681141858532761324e-01
4.088076588775020337e-01
4.080230406151876821e-01
4.311695385755373588e-01
4.433067664006294928e-01
3.795499138454511701e-01
4.180451693410404124e-01
5.220428497197107109e-01
4.075744929277414497e-01
3.946237061378125577e-01
3.908475345489781372e-01
4.088380698481040576e-01
4.523427387540184808e-01
4.673651762140146881e-01
4.703309030417183734e-01
3.630743900708221505e-01
4.202471071834014693e-01
5.064707247073494401e-01
4.302437892451430601e-01
4.537788394968224059e-01
4.433965662788698081e-01
4.272076520239044273e-01
4.906853493350993300e-01
4.945531327240211827e-01
4.405042654587273399e-01
3.609743682355860961e-01
3.894087352411290670e-01
3.769018754153163897e-01
5.222724369131264144e-01
4.627287770036583869e-01
4.503646618562495152e-01
3.427626722182430807e-01
4.216307783552215582e-01
3.566346456795427278e-01
5.020927163884437716e-01
3.714163935213774526e-01
4.700904098885594351e-01
3.932267285878930374e-01
4.942148337176280326e-01
3.715838300939036665e-01
2.998876447590793637e-01
4.830151120331406811e-01
4.168052970653549627e-01
4.092954315548496536e-01
5.093664163766641328e-01
4.660991925021019666e-01
4.540147539606220195e-01
3.627179375156915908e-01
3.759280129179901619e-01
4.261505358315804126e-01
4.921762517650815072e-01
4.211959103403856708e-01
3.698139657900714194e-01
4.732384391520729761e-01
3.509022761862110040e-01
4.256376124425579888e-01
4.800638441766614806e-01
5.205287878771598375e-01
4.533869203623685507e-01
3.761934607398217389e-01
3.208507648381608846e-01
3.347448878494092006e-01
3.075108042212974513e-01
5.652888664132281749e-01
4.697905245504028771e-01
4.232234774693994783e-01
4.169907937978042378e-01
4.037084639153565302e-01
4.114468603649431566e-01
4.708638390338243940e-01
4.282559140131886877e-01
5.020507873298111212e-01
4.443126327496442207e-01
5.002184968790098774e-01
4.932514194223010517e-01
4.698805860678270663e-01
5.051263803167906907e-01
4.510371384240323134e-01
5.118762483789596196e-01
4.369295773900849222e-01
4.162096418049732183e-01
3.467349757149880696e-01
3.812504135710605979e-01
3.976076750430830309e-01
4.427450975342264172e-01
5.531656395200567067e-01
3.766522986868295342e-01
4.379759210488865517e-01
3.450473593458587285e-01
4.946712001067932740e-01
4.252803525161811260e-01
3.838873495709972938e-01
3.657597637431718174e-01
4.213039699811778060e-01
4.090505091969678930e-01
4.721370495421034486e-01
3.576326561060200193e-01
4.311114488012748880e-01
3.655075091160124301e-01
4.252388503630001315e-01
4.153527992976588923e-01
4.792914952578783971e-01
4.397365145906469430e-01
4.227347762370114448e-01
4.199311584586306600e-01
5.157001536402712194e-01
5.037639083113507610e-01
4.713990313598857562e-01
3.754523176672578955e-01
4.600360783650152552e-01
5.011607235018775697e-01
4.382905036156020673e-01
4.355803124247374924e-01
3.476418301326013038e-01
3.976385428132649391e-01
4.200028619802486651e-01
4.248893018208659833e-01
3.904549196370172837e-01
4.419243803745581123e-01
3.299990829411479920e-01
4.549188413245018325e-01
3.923045728067980908e-01
4.494610201443275943e-01
4.295697115710745972e-01
3.370305497192671584e-01
4.359407881608955426e-01
4.801430865791512237e-01
5.278580484049610888e-01
3.292780735086714428e-01
4.340788861974881896e-01
4.037351706067497936e-01
3.568633714034893378e-01
3.878714812028819514e-01
4.023618144378273143e-01
5.031061782620496192e-01
4.643865106383972541e-01
4.076828009714018597e-01
5.036791561110444126e-01
3.796198224024153189e-01
3.945557935219499157e-01
3.882356642729056784e-01
3.693059763000344775e-01
4.476572372336969918e-01
4.077218935189510507e-01
3.934619237199498687e-01
4.135368781269314620e-01
4.409016195999632681e-01
3.780060199762141915e-01
4.375320154646674120e-01
3.767623015439561796e-01
5.213905184292250139e-01
4.971772892618712136e-01
4.261757692697121236e-01
4.452585496552676214e-01
4.365788595629680469e-01
4.251222862888197618e-01
3.804153587527644986e-01
4.373711632354062018e-01
4.231589464320841820e-01
3.644851132079567346e-01
4.125713685206833237e-01
3.963958719511678219e-01
3.600583829243982348e-01
3.983709720966431833e-01
4.155339643034977604e-01
4.180038007126592459e-01
3.684939465131741865e-01
4.379700171074378257e-01
4.357134682943942239e-01
3.958282955781161072e-01
4.771891419693691239e-01
4.893269910716568916e-01
4.122689619490650381e-01
3.472798211899832954e-01
4.722555246328393186e-01
3.837735687782489191e-01
4.278508243898960783e-01
5.492471302485044671e-01
4.722158083537141837e-01
4.076971303371756394e-01
3.734171624119141941e-01
3.858459611715312487e-01
3.493243855392352271e-01
3.529091857837147184e-01
4.647385348337155220e-01
4.104985457694045325e-01
4.409636712155463045e-01
4.517868986612008086e-01
3.667418017211856451e-01
3.254176959046873319e-01
4.693533930769859253e-01
