4.433875816221471422e-01
4.457459276959416239e-01
2.767812011617992729e-01
3.450562657853681325e-01
2.240887550000465744e-01
3.951694651723494101e-01
3.257144139823228146e-01
3.029962868373669016e-01
2.213245239376563089e-01
3.407428051880407871e-01
3.213236707416995963e-01
2.204603944276674055e-01
3.629843427417823731e-01
3.412107160258653904e-01
3.076643617275448550e-01
3.265660977123175934e-01
3.855185327817631236e-01
3.806107303767072292e-01
2.581997646324284967e-01
3.007613726554757005e-01
3.324283845230721623e-01
3.966217519134874747e-01
3.153879226704977556e-01
2.043603993355587178e-01
3.463829912371155784e-01
2.324486626452400839e-01
3.489163524874477340e-01
2.739517877098160969e-01
2.390854262440883504e-01
3.446218586233459336e-01
3.494861525351711240e-01
2.822455173731877598e-01
3.025090300002310495e-01
2.584709413382334509e-01
3.402047198028695374e-01
3.414245797044081487e-01
3.954072332545567892e-01
3.823352175305001488e-01
2.956159355665038402e-01
3.754847249488090788e-01
3.075190319519227056e-01
2.917530651017486432e-01
3.217020030887635107e-01
2.760934687521310882e-01
2.568141401673003643e-01
2.765223456760599330e-01
2.254763157778340299e-01
3.287865019679766521e-01
2.413437044985881907e-01
3.407359958001980882e-01
2.834210373759857848e-01
1.739099323502713013e-01
2.716480192638864311e-01
4.368220919196529328e-01
2.267791167633393390e-01
3.045883316200976298e-01
2.640265994502544733e-01
3.272407067320446949e-01
2.923036883178429246e-01
2.776907044921959056e-01
3.286762257295284262e-01
2.735819101820986532e-01
4.830677832452568432e-01
2.816143001323805350e-01
2.231479766426464340e-01
3.286532998259603655e-01
3.782724877556182252e-01
2.889986635339286125e-01
4.022724065037442398e-01
2.823621204577073107e-01
2.480622964251544271e-01
3.172439213727350493e-01
3.111322745936459522e-01
3.546923629553759838e-01
3.414879122110459631e-01
3.691475042826216080e-01
2.050596576406079896e-01
3.669459162129996566e-01
2.872467487196662117e-01
3.442705403328741309e-01
3.004410593131456864e-01
3.040108234893637573e-01
2.637967200743299157e-01
3.381967146753520059e-01
2.439061776505652701e-01
3.485558944036363793e-01
4.005167229963959574e-01
2.783065230579374605e-01
2.236800760240577612e-01
2.631240099559131740e-01
3.411223928221699397e-01
3.905797729317119216e-01
2.763674206301515723e-01
2.632948102387341893e-01
2.830036625434324549e-01
3.196459280214324905e-01
2.618932458060601043e-01
2.632884709303672799e-01
1.939622651469119219e-01
2.180081986090010859e-01
3.355250576609908331e-01
2.967966098814817100e-01
3.888364259599379480e-01
4.425476796531407908e-01
3.279846042927363481e-01
2.153272236788612293e-01
2.802909188521635064e-01
2.212687062946811223e-01
2.766222904093910695e-01
3.136184074836059210e-01
2.735028367797620596e-01
2.608104493102532673e-01
3.393479893730754204e-01
2.626103201926519581e-01
3.759747119898484979e-01
2.230760090369895698e-01
3.343475999196710013e-01
2.796843102998913255e-01
3.399900807572661110e-01
3.854827954947553370e-01
2.966537673194307723e-01
2.429333903151094654e-01
3.050675053490328748e-01
3.230234063276883894e-01
3.601214355064144557e-01
3.564874725698876645e-01
3.438683254153543922e-01
3.953827057752108409e-01
4.115308461391999351e-01
2.810621272446531815e-01
1.934475082142898261e-01
3.155477052349369704e-01
3.297450251162628021e-01
4.701847348567764207e-01
2.615251343556453945e-01
3.421988586634346907e-01
3.533303809719898214e-01
2.472761368234666357e-01
2.765132504189390383e-01
3.216792515566036514e-01
2.739653780632975710e-01
2.904613009832051063e-01
4.087907651516241581e-01
2.451039097331319805e-01
2.515790326952179745e-01
3.312565531843962296e-01
2.472759145734421404e-01
2.809370137145114632e-01
2.747849753481573232e-01
2.914752497145945420e-01
2.479159526350620812e-01
2.010345519008513160e-01
2.909406124139787275e-01
2.954814452132142888e-01
2.430316087330048613e-01
3.370900778911034013e-01
3.112110960081827526e-01
2.852421735952592741e-01
2.929826402919161188e-01
2.732442151820040910e-01
2.433889747352166733e-01
4.053588352656857796e-01
2.952952720356255001e-01
3.277221718027252817e-01
3.505742537522559821e-01
3.069110309276297244e-01
3.478429413986033891e-01
3.049080181171924808e-01
3.029303377716039969e-01
2.426791829045266691e-01
2.667655445261937763e-01
2.401147208168052938e-01
2.093408903364823992e-01
3.115331815446837349e-01
3.654189740784393181e-01
2.869921480626591026e-01
2.090949682960578371e-01
3.391757724046294276e-01
3.226944493628313149e-01
4.356028823529528027e-01
1.435171713837236629e-01
2.619059417664681977e-01
3.437241246097146319e-01
1.634609807271748816e-01
4.504349760921850243e-01
2.971258009669497935e-01
4.441356828560648617e-01
3.097098826033445884e-01
3.839587951338105931e-01
3.316216139597454871e-01
1.956389502499838451e-01
4.403585051555394814e-01
2.524721007521648075e-01
2.642188295097188666e-01
2.801378118214754021e-01
4.129342578244673545e-01
2.801637625445809188e-01
2.709201731596848073e-01
3.418879024334506855e-01
2.452700105023322419e-01
2.748231000145385239e-01
2.469577184821488691e-01
2.618053663928672781e-01
2.426848422634838298e-01
4.331250669053708369e-01
2.682824069558981672e-01
2.828781918710924215e-01
2.837162420994264744e-01
2.471977332602892929e-01
2.218705306910365438e-01
2.882694619072372899e-01
3.007928717826925946e-01
2.567541379242617716e-01
2.482188749379214410e-01
2.131754153164335253e-01
7.076549041463769951e-02
2.587572498047591152e-01
4.079897675328513218e-01
3.836853805689148800e-01
1.929385365806829955e-01
2.144843383986593521e-01
2.788007795402664968e-01
2.646632232104481064e-01
3.375686315182100938e-01
1.960917002999598424e-01
3.669879804064867246e-01
3.112221760279272886e-01
3.748235044548486328e-01
2.940325603646524733e-01
3.532686329414660986e-01
3.520058261723862936e-01
2.550097791031796790e-01
3.077181380348310569e-01
3.398528731917271895e-01
4.005413081103649797e-01
3.714593409736600682e-01
2.926010369551158563e-01
2.236032167172033736e-01
2.157277484077164131e-01
3.578868319239119078e-01
2.626865047024790067e-01
3.806317615721183656e-01
3.179367381751166399e-01
1.353091200491261629e-02
4.182953239171793292e-01
3.665731996475918852e-01
3.864896320950407249e-01
3.185988193001663138e-01
2.721502680283811593e-01
2.704739664847688463e-01
3.319690697067940732e-01
2.039555683330200042e-01
2.298311764948284541e-01
3.336120018521923636e-01
3.042830497418217428e-01
2.731310583034428641e-01
2.702635977346037333e-01
3.537671292787557542e-01
4.100063891137341598e-01
2.764477388641151112e-01
2.543018828163124967e-01
2.767507918775393705e-01
3.515361559162012983e-01
4.221333570374748434e-01
3.520803195740604963e-01
2.578756892724211047e-01
2.963975933834085419e-01
3.778018574092066872e-01
3.749981857895335335e-01
2.242890406195442443e-01
3.575376502429755132e-01
2.472252439396121215e-01
3.419837226953671983e-01
3.102134534168237145e-01
2.721215594915731839e-01
2.465401712022621539e-01
1.694035392182410837e-01
3.432846934072082412e-01
4.355465209727947817e-01
2.915361269949143241e-01
1.932688828133060088e-01
4.117639740790547398e-01
2.638487382903306755e-01
1.935573218132424500e-01
3.602993879087061924e-01
5.271037895086929659e-01
2.191926013809591123e-01
2.643846913172477331e-01
2.944893710452469171e-01
2.017845057452531399e-01
2.161189458891231707e-01
2.531331900078236385e-01
2.824157557024268295e-01
2.733273001326944063e-01
3.859295992825595989e-01
3.687653284401511411e-01
2.280452411311009731e-01
3.340817920632808691e-01
3.296719450567027199e-01
3.173672722456520878e-01
1.929366383361302284e-01
2.423280081940761832e-01
3.666273974864923679e-01
3.878555460810476085e-01
4.852643199423883336e-01
2.698626190739769615e-01
2.801662877188251799e-01
3.329866759380880059e-01
1.818706356246751199e-01
3.602275140179941881e-01
3.416760842226055916e-01
5.238258552752600439e-01
3.290817213210016634e-01
3.660511699405438746e-01
3.267847930336143514e-01
2.136406090222473519e-01
3.246523515033919449e-01
1.527559716973222181e-01
2.252040196329621324e-01
3.545941509550185056e-01
3.676825518944567550e-01
1.954093753612778372e-01
4.089799527261870904e-01
2.848131691723330694e-01
3.466680663686180774e-01
4.306691792198538704e-01
2.506587722449620803e-01
3.043334893802364105e-01
2.630437593005578445e-01
3.389468988179022979e-01
2.361209642099972861e-01
1.591193273479350190e-01
2.704289383946738567e-01
1.789022337208295010e-01
3.532130454049148827e-01
4.329788273111905283e-01
3.206730672534824911e-01
2.216464346935234364e-01
4.660897070602600945e-01
2.385092209568836219e-01
3.050995919166678561e-01
2.556547534859717752e-01
3.578199835735851320e-01
3.096382956214312476e-01
2.375799471969138044e-01
3.237659811828030865e-01
4.493682264725327724e-01
3.027904213352875518e-01
2.151747003725510976e-01
3.337709808967788128e-01
2.487329763819153550e-01
2.717293084102390677e-01
2.956579167345458337e-01
2.589911744877677613e-01
2.479484148793796028e-01
4.567207781496606667e-01
4.736227677568546346e-01
2.732977711703337143e-01
3.175601037778821301e-01
2.429667351133061315e-01
2.507176311193297091e-01
3.005454740026343163e-01
2.656875252145746713e-01
2.949934555459260976e-01
4.119579958638406314e-01
2.586794158207610939e-01
3.598750845539664400e-01
2.901877022520131244e-01
2.736057305145468965e-01
2.652593783235480673e-01
3.641774199889784014e-01
1.748088357109072177e-01
2.481788971125202525e-01
3.375127308687358441e-01
1.825177163790126511e-01
1.943523686723232224e-01
4.810833979289041440e-01
1.935738913429489449e-01
3.531249547853538284e-01
3.178154919090863118e-01
2.205573108924118175e-01
2.994096320264246769e-01
2.583750562085071478e-01
2.649168555500541755e-01
4.328810666245980765e-01
3.172027178532333958e-01
2.555076043302139110e-01
1.675480979358675571e-01
2.737042336015821364e-01
3.069965351884058058e-01
2.864583893068187170e-01
2.921592574510921692e-01
4.658022281365871708e-01
3.157215313343980090e-01
2.351861706985205747e-01
1.525579592720439359e-01
2.049169034639317655e-01
3.987049370065355869e-01
3.785934520993480823e-01
2.232857388982346369e-01
2.847065418588657915e-01
2.906254789263960081e-01
2.971591179513691228e-01
3.113786638526188089e-01
2.416595830028408498e-01
4.187199102291181974e-01
3.488294598182771766e-01
2.377115523365480876e-01
6.977631306063616055e-03
3.355901020525199341e-01
2.693613999654849711e-01
3.022058844774095365e-01
3.387582325857542709e-01
3.513491145342796940e-01
2.976734832287893928e-01
3.000753776941326167e-01
3.338447419687730067e-01
3.716216193349429209e-01
4.458454107790578158e-01
2.435529650549703995e-01
2.661299215224116610e-01
3.238467190921320848e-01
2.189236384288612558e-01
4.906979585725192439e-01
9.906714238282720436e-03
2.938476270543253221e-01
2.870703676727381359e-01
2.707522234964319652e-01
2.402508461467698919e-01
2.319390831180542234e-01
2.804153665316285182e-01
2.182328715593734314e-01
2.743857552505822861e-01
2.492487461648134894e-01
3.305254080860465793e-01
2.946739047321698113e-01
2.657406694190973528e-01
3.036669950632156501e-01
4.075109162014756148e-01
3.172817091997239825e-01
3.591826988852422908e-01
2.409919862474294572e-01
3.149043537181937524e-01
2.434760960931914020e-01
3.002568588744983780e-01
3.615438587270803361e-01
4.047595161834507960e-01
3.949783388230205805e-01
3.778296007072380336e-01
3.227552569794882031e-01
3.423312480495855348e-01
3.692341374506097895e-01
3.065557886133833954e-01
3.340183257705738873e-01
4.426216774160473544e-01
4.496097729629525697e-01
3.531136026037180464e-01
2.562225508864917622e-01
3.335738444736796593e-01
2.685560792049402901e-01
3.631749249022718784e-01
3.078714551971279412e-01
2.165109635518595865e-01
3.855308114020199461e-01
3.077184271053939324e-01
3.501377590324829536e-01
2.160282050289576150e-01
3.335913394354736439e-01
2.987608441166357820e-01
3.316320641968847349e-01
2.594092326170454599e-01
2.244608102409326178e-01
2.382151740695813980e-01
2.584069926968823872e-01
2.978832448847107406e-01
4.441939167344800543e-01
3.054858570725561551e-01
2.155600876652039033e-01
2.837683740229351437e-01
2.623351061413066732e-01
2.773879881497230415e-01
2.930717492964903248e-01
3.853412670366804793e-01
2.626496670041593151e-01
2.875268225995760152e-01
3.907575063741675070e-01
3.355841172013240281e-01
4.297598295679128100e-01
2.359524279997070317e-01
2.603396937910604225e-01
3.124442049500172347e-01
2.125972854083507391e-01
4.585555885848705548e-01
3.466066569478314374e-01
3.096347983755026734e-01
3.177292086571966712e-01
3.026419078299044663e-01
2.616404757015875493e-01
3.198551996810011233e-01
3.867635423169412667e-01
4.189546811404596394e-01
3.907533893709276285e-01
2.650808148066416958e-01
2.390897875634868941e-01
2.519863795436988463e-01
2.379628413451249092e-01
2.006198203182514295e-01
3.049290175436859540e-01
2.796182417712120838e-01
3.596539580424306659e-01
2.293354148358128786e-01
4.391977272350359174e-01
3.302499959610816216e-01
3.029993577089074575e-01
2.067547869963726748e-01
6.023241052367623444e-02
2.675320829789646915e-01
4.726789017025093687e-01
3.148079548977075759e-01
2.492397711186459808e-01
3.429519910054302789e-01
2.999527369842558411e-01
4.047903602174819371e-01
2.610216343877207468e-01
2.896669687830163431e-01
2.464777159949840535e-01
3.092069219314030337e-01
2.973150553373319349e-01
3.193418147156518727e-01
2.346629129476336117e-01
3.500010536035690345e-01
3.708604615667496218e-01
3.988245432992464368e-01
2.082786017306858528e-01
2.479088205519661414e-01
3.458238124139536018e-01
1.927321410852291805e-01
2.635220880600507298e-01
2.783006752748621304e-01
2.685764915384183382e-01
2.727105117457369055e-01
2.803346734930549644e-01
2.312228893857778689e-01
3.752173509042128208e-01
2.858719957955558888e-01
3.210878766124649619e-01
2.546962541006013714e-01
5.115027317735270085e-01
3.761680890590706206e-01
2.839195996945576006e-01
2.622898468327952148e-01
2.583452201737517773e-01
2.784065379956177644e-01
2.337123363622386762e-01
2.247458588878412655e-01
2.876973096453954715e-01
3.332189727160164150e-01
2.548313615015176392e-01
1.905167209279475249e-01
2.664957550211075610e-01
3.961416280647232502e-01
2.795661577972843870e-01
3.779093153647700154e-01
2.885390079091936233e-01
2.219206681061051123e-01
2.320914134880424640e-01
3.757238079147721677e-01
2.648034890814889852e-01
2.456746676483027580e-01
3.692561726440783398e-01
3.323987386703424196e-01
2.247663983437911683e-01
3.177860787470702664e-01
1.994257618398390108e-01
3.557828811030009364e-01
2.603712137991694431e-01
3.898077221866009801e-01
3.624166677018439420e-01
2.604923302831992360e-01
2.183273470375546588e-01
3.655257912667888576e-01
2.794523470322995973e-01
3.539694074331171114e-01
2.098906561576188157e-01
2.752594088302631747e-01
3.382341493788286746e-01
3.596347959939479311e-01
2.454846576181071161e-01
4.496878576347121959e-01
3.249610436201155195e-01
2.835939153370650168e-01
3.700181573535584745e-01
2.693222363044693868e-01
2.664500500925480742e-01
3.604722495309531372e-01
2.768440451359808763e-01
3.006479831395230118e-01
3.464598809935527934e-01
2.614838371064926448e-01
3.105759568356824540e-01
2.963736828036560578e-01
2.704352080776533107e-01
3.349987605715152306e-01
3.190963654663852567e-01
5.079879560845419473e-01
4.415889518201675523e-01
2.742159747018019234e-01
2.608549067984335945e-01
3.076326102688131670e-01
2.987457117384605954e-01
2.731056710841159862e-01
3.332696777385072417e-01
2.271122182290751246e-01
2.021817241728831316e-01
3.622578288568104599e-01
3.508949947145096337e-01
3.541608836250181858e-01
2.423205836407913705e-01
2.368146328562402703e-01
2.954288723288446272e-01
2.398390956734332558e-01
3.558372765859322273e-01
3.578522371810890501e-01
3.132994155962767757e-01
2.292181014568192843e-01
3.516198618932837583e-01
2.525662670997350090e-01
2.952772495118434759e-01
1.604604486437211375e-01
3.649507769294022541e-01
2.269155353500955097e-01
3.801139974422759749e-01
2.614912910600431517e-01
2.995078204863332871e-01
4.195263834085651844e-01
4.053658060707896471e-01
2.015639633594790148e-01
2.538675043045878210e-01
3.509934400625145390e-01
2.559863781430662399e-01
2.905844626246519291e-01
4.170792248807595470e-01
3.144023230141764214e-01
2.408815219720075174e-01
2.693506381800287452e-01
2.274770818606753620e-01
2.553698781967946863e-01
3.670293275640370001e-01
2.611743740472406983e-01
2.768177618759790071e-01
2.517437406800319133e-01
2.944334672455876656e-01
2.249132533340129914e-01
2.561384230013765140e-01
2.604404567100781498e-01
2.467676165106278130e-01
2.734610900197758654e-01
3.251066217756028442e-01
2.956370875142174115e-01
4.001319647644343003e-01
2.209796680256704282e-01
3.118219720278130880e-01
1.942200026153447778e-01
2.686560611157147171e-01
3.688302037433361935e-01
1.765667973273538360e-01
3.793079925313735945e-02
4.312977602387327858e-01
3.290147877474792204e-01
4.264819422078146571e-01
3.295981713357770682e-01
2.711439680806564945e-01
1.963930756320545479e-01
4.132069548358964783e-01
2.638359847812690173e-01
3.831888662419196678e-01
3.570201388639445694e-01
3.872176621950912945e-01
4.211581193648590848e-01
2.729135680272334330e-01
3.904878857652438473e-01
3.486113672963436216e-01
3.361478820220789587e-01
3.737035820777181439e-01
2.530450918750393186e-01
2.047205992361151028e-01
3.853354031359748078e-01
3.083658561196376269e-01
2.420523736447001140e-01
3.077080238833622694e-01
2.337826441669765276e-01
3.159762314203626854e-01
3.365195797315787551e-01
4.829859332457894783e-01
2.601538360815648931e-01
3.210207512864106105e-01
4.241330648320802421e-01
3.023653106209181485e-01
4.367446967347132225e-01
2.503432178583920864e-01
3.389849717968533294e-01
3.560375934960042232e-01
2.634407810383481152e-01
3.039275029281641727e-01
2.512836530439099825e-01
2.801936108063024511e-01
3.023457068680218685e-01
3.048618112345256592e-01
2.416331532070926380e-01
3.786445387988062183e-01
3.172426663730816832e-01
3.272042143225009081e-01
3.885866213195770524e-01
3.545064698804086256e-01
3.511533306011372924e-01
3.529720478483043267e-01
2.138239022158394398e-01
2.703148037795889969e-01
2.680756328352325024e-01
3.141425486846292636e-01
3.401975072091167340e-01
2.276010673922397864e-01
4.820708909583584223e-01
2.947034197633303654e-01
2.481133800965757974e-01
3.451223014013566903e-01
2.779795408027740944e-01
2.388455959645857107e-01
2.570710412123770605e-01
3.089315675338041856e-01
2.904210650577239150e-01
1.873084586074003077e-01
3.236263666159487906e-01
1.288498398278633550e-01
5.245799570898272979e-01
3.128538465152216896e-01
3.456888990255231331e-01
2.084144695768584410e-01
3.328104939218002323e-01
3.748534495863163896e-01
1.741623822225484008e-01
3.370156876878739882e-01
3.096136039273703622e-01
2.520709689381996910e-01
3.824410807604538554e-01
3.434504082631433253e-01
3.149044747986213810e-01
2.940164110916511087e-01
3.154328624766416511e-01
2.660798066702070863e-01
2.353074466976709800e-01
1.940086512066524216e-01
2.767382417957251484e-01
2.304007171360837880e-01
2.533538459077584459e-01
2.071778707204743608e-01
4.577176613017136519e-01
2.475408597388613630e-01
3.673355234721505935e-01
2.660346062790169830e-01
4.869946718824730292e-01
2.557596591254095997e-01
2.812167110222736355e-01
2.389355600117703260e-01
2.809686486982260756e-01
3.576208307637523398e-01
4.868542599079155320e-01
2.489815105251544647e-01
3.746413060009079476e-01
3.267654382806717828e-01
2.940143202067300177e-01
3.248235984113569397e-01
4.358136464888608952e-01
3.533822308941254042e-01
3.291064889154865503e-01
3.014746537491496126e-01
1.946915991269060342e-01
3.347355395937577915e-01
4.024285420879097352e-01
3.240584425081289854e-01
4.725007537700118831e-01
3.787400140747780308e-01
3.723703253096575239e-01
3.625525660560105501e-01
3.113531446355483068e-01
3.806571870607177166e-01
3.897501032071840621e-01
3.646131372580667662e-01
2.157858904532651834e-01
3.162871072972055497e-01
2.935450144430806207e-01
2.929061537135839721e-01
2.549994757261546674e-01
2.005269116985113897e-01
2.102242625028426515e-01
2.163803801145970374e-01
2.252770845692196600e-01
2.711598100908420572e-01
2.289741221708910812e-01
3.348220744603083165e-01
2.221766433755939518e-01
3.926279165990352316e-01
3.617520111715398778e-01
3.189465925109309374e-01
3.679176613454090417e-01
2.431361466319610920e-01
1.980389113344099006e-01
2.196974564411326158e-01
1.916879228792881251e-01
2.765738595630365948e-01
3.450620497045980839e-01
3.576396414208601882e-01
3.861487133263390992e-01
2.721192363554727489e-01
2.475523669067987154e-01
3.485820093401518771e-01
2.787931526893749345e-01
3.540953176656242429e-01
2.391649987572959379e-01
2.566738494517527558e-01
3.060391267572439289e-01
4.190501798119240506e-01
3.209830471534675933e-01
2.308096085434269140e-01
2.934701101160451797e-01
2.537207060072255715e-01
2.297637670325065884e-01
2.660845681971498733e-01
4.101815736010857583e-01
4.289486244329305253e-01
2.870845908199857188e-01
3.447594646740195778e-01
2.599085295651955563e-01
4.177606862996790515e-01
2.455908835532232826e-01
2.260210986604522243e-01
3.006913857591762551e-01
2.306479854350211023e-01
3.552966097246106902e-01
3.331163989715805740e-01
3.276759572251673469e-01
3.195698268681421705e-01
2.304897967421259686e-01
3.128195309172001615e-01
3.053313424711520674e-01
2.498358716628960585e-01
2.835110298482947377e-01
3.121539674722387248e-01
2.858160914288551124e-01
2.675970279758047021e-01
3.268430796614383294e-01
2.981978707055075728e-01
3.585028023938512387e-01
1.788295994057217952e-01
1.927658461523262812e-01
4.570469114480067985e-01
2.235694880892358238e-01
2.023673674406028800e-01
3.635177098013360752e-01
3.556067383838505402e-01
3.191907396991597312e-01
3.224819745798412352e-01
2.401437105177142428e-01
3.083028709775232912e-01
2.192813355092148309e-01
2.348954278256030759e-01
2.600217901981067836e-01
3.452402607267176515e-01
2.422017693389331983e-01
3.181600045569888957e-01
2.941111039485602152e-01
1.249334359384297322e-01
3.299285791109100030e-01
1.849636130609462192e-01
2.071447096310558011e-01
2.348357176256372081e-01
2.348365495310653084e-01
2.838593132186760792e-01
2.662266651498199632e-01
3.166907163775342093e-01
3.205026514624442768e-01
2.377978532590312166e-01
1.636233542654210171e-01
2.370875506127240739e-01
2.622668243843560565e-01
2.316643576022296980e-01
4.046491324748682228e-01
2.607549178092175013e-01
3.076332104020744196e-01
3.677563288108766093e-01
3.030937956410247880e-01
4.736818745635335559e-01
3.410256014294126281e-01
1.996065774161255024e-01
2.756942769910462054e-01
5.027974050133747763e-01
4.470339377750168763e-01
2.384813777931516776e-01
3.062314581488876919e-01
2.936891692417256672e-01
4.256383800722031152e-01
3.587524806015098822e-01
3.353208597173009675e-01
3.071744461844101992e-01
3.560672939130732906e-01
2.932232673584079796e-01
2.725834694255631074e-01
2.688925567742150857e-01
3.112218482284687116e-01
3.765598916363500637e-01
3.854087244513481614e-01
4.612051259546007254e-01
2.933973899819963815e-01
3.367111279091330456e-01
2.416352968460116213e-01
2.161668901144999377e-01
2.145037753183822449e-01
3.644753024462960012e-01
3.014536899603496578e-01
2.730897315976903994e-01
3.363834912262708698e-01
1.715917372355257875e-01
4.700206325081127123e-01
2.645511012485907143e-01
2.408483212075897550e-01
2.083939944020619106e-01
2.774278692831435023e-01
3.474114693586978775e-01
2.296947349382671422e-01
3.717158106098919501e-01
2.275656310547814198e-01
2.353943175789817710e-01
2.668810136880135908e-01
3.075780741559730469e-01
4.173725448431542806e-01
2.862739081509237948e-01
2.167966934030554071e-01
4.266142852733069146e-01
3.442682293782949876e-01
2.621639727265938080e-01
2.524325706967882055e-01
3.849063262344913361e-01
3.300427369803464739e-01
2.947434521422059306e-01
2.601389465341669704e-01
3.001605291651560092e-01
2.932890986343504869e-01
3.416718766382279560e-01
3.066496261429693670e-01
3.524340397391765300e-01
3.052706176137783833e-01
2.048977543224841380e-01
2.326768328669912844e-01
3.197081537229451986e-01
2.664543566573244759e-01
3.628120973822361317e-01
2.461321519009357639e-01
4.126075044207471176e-01
3.053684169238291557e-01
3.025342277710291738e-01
2.496489435187160821e-01
3.302690627123464617e-01
3.338841840470957445e-01
2.401576391027244461e-01
3.594192504561272150e-01
4.141893505758476035e-01
2.201508413261349939e-01
3.034081490675900050e-01
3.687351906032143023e-01
4.134660926692593219e-01
3.198852296182161936e-01
2.937781906059700465e-01
3.380347857648568488e-01
2.779636088401836180e-01
2.553439370826456889e-01
3.495445929154950004e-01
3.630723020139834945e-01
2.270510583279220229e-01
3.198178099857887369e-01
4.077857159188574832e-01
3.645647747909329106e-01
3.318810238978348037e-01
3.252545168685579968e-01
2.644147165191198523e-01
3.566961052537212518e-01
2.013695800190813678e-01
1.979739445345378435e-01
3.836107336702667681e-01
2.886056721689007065e-01
2.760247310942045562e-01
2.973512291337250257e-01
2.877350362882125090e-01
2.757560020108832943e-01
3.545913735790147125e-01
3.414185336626238687e-01
4.110394691903496711e-01
3.573622909311428009e-01
3.773369550238939163e-01
4.447355342203603290e-01
