7.060903753478258160e-01
3.950246380353445996e-01
8.048890939928954325e-01
4.068668722085108658e-01
5.325772005840212486e-01
2.012974007691222811e-01
2.306252685032281757e-01
2.698969107607309681e-01
4.089271457845281565e-01
4.131221073247168807e-01
5.004130915637823307e-01
3.332142053753934241e-01
4.061830716136181629e-01
3.424952111062738447e-01
7.041405620538938592e-01
2.871363813512225471e-01
3.217526509449710748e-01
2.960837562917026933e-01
7.611394894946442724e-01
3.784649213366510501e-01
3.029087912649783276e-01
9.151055193962158718e-01
3.514904233644405296e-01
5.171149208795934316e-01
4.287908658501148329e-01
5.567912582398021337e-01
5.450654052323080645e-01
6.810801420305511167e-01
3.258056325624500427e-01
4.388850470759089739e-01
4.826482717580847792e-01
7.164070618992948170e-01
3.452281354856238660e-01
4.453850675965830841e-01
2.481585378688603571e-01
6.823250313269766387e-01
5.116846130099589329e-01
5.733184591404550945e-01
1.040770281327409341e+00
7.317270375875808419e-01
2.527296095300521350e-01
2.350907476482532177e-01
2.067379592656918563e-01
3.951802660002464718e-01
4.973388254019514010e-01
5.650732316851836412e-01
6.805269385538235127e-01
2.433063901075687985e-01
5.155045762901581119e-01
3.794802846521304063e-01
3.335926316303240990e-01
2.897659093801016605e-01
4.770826111737494490e-01
2.404577510167532628e-01
6.982966914581401063e-01
5.991197586075560633e-01
4.708940368334544324e-01
6.769710747260708761e-01
5.296936421044913246e-01
3.072734518677616711e-01
2.460851931093940015e-01
5.396512281450025483e-01
4.141070230600356061e-01
7.075022298686066691e-01
2.228144989002435739e-01
2.393129209006036595e-01
6.587754915513636123e-01
3.929638763524241907e-01
4.370518344725391469e-01
5.701366194023627099e-01
7.591898069880471667e-01
2.904538523854819365e-01
4.003120832730555634e-01
2.624448496735087843e-01
6.593696475942117941e-01
3.546020196419185644e-01
4.126994586556613220e-01
5.918292831142050181e-01
2.943601493203747976e-01
5.618240717190112754e-01
2.974868417981539337e-01
9.723583825080597265e-01
2.817204997306613778e-01
4.070574474429892176e-01
2.832758486844018098e-01
3.342048838072964601e-01
4.839585432980555435e-01
3.316002804565326700e-01
2.913195870353178507e-01
3.813568773851472304e-01
3.963291575311504444e-01
2.489154463471701939e-01
3.533675471682795610e-01
4.824705405602430774e-01
3.268594617093057431e-01
4.189111995149844558e-01
7.529727394322377476e-01
2.188942306950301397e-01
3.819872909864908128e-01
2.967954670606753331e-01
4.644570904681796231e-01
2.214847506491667284e-01
7.379944354462023570e-01
5.285032451374905849e-01
4.356730298096351817e-01
2.258628912802025657e-01
5.450233876790561149e-01
2.331966255066259264e-01
4.608755121661470833e-01
3.299322087697836303e-01
2.976145400138311969e-01
2.698950863981940396e-01
2.825361111115700097e-01
4.425360124651588900e-01
3.743993872535332224e-01
5.577083079234461671e-01
4.190261607423669821e-01
3.555467701395361169e-01
3.095357074911292417e-01
2.637503408720417442e-01
4.538212902998877141e-01
2.957974519740442232e-01
4.256357691185483905e-01
4.291078806045909300e-01
7.205408071899384037e-01
4.723858771227556486e-01
4.062408881263024352e-01
7.776449452153030295e-01
3.371818607471193663e-01
3.297785772775970181e-01
4.005141997723086766e-01
6.579757342520227148e-01
5.762894283806251350e-01
8.604342968023330762e-01
2.267257940796784665e-01
3.502384280796057570e-01
6.189725100901998234e-01
5.189783478410494588e-01
2.691775133027660138e-01
6.943522626517588670e-01
3.562693092594373945e-01
2.514259052930888361e-01
2.735477039172372060e-01
4.020300655431852666e-01
2.569180313237535151e-01
3.471752314277139484e-01
3.684436455757307272e-01
4.373269976808188408e-01
2.273816186767494418e-01
7.158205600383641398e-01
3.737787286411701215e-01
7.333068612131866670e-01
3.734953066823192835e-01
3.200894465617824536e-01
6.832766497135638328e-01
4.893882054215424882e-01
2.984497076506439361e-01
2.256901347835034433e-01
5.150232458739313346e-01
3.856332720162218286e-01
2.095946054783899559e-01
2.127167735159389006e-01
2.979779844190873495e-01
4.773234262492700442e-01
3.645942944292668297e-01
2.125266236374925011e-01
2.807189514826626264e-01
3.943536403370820342e-01
7.156935461144680044e-01
9.009199396224975009e-01
1.829182935824180400e-01
6.165651278795604151e-01
4.346313754550348296e-01
2.793663030088626709e-01
7.692014638265929349e-01
3.289097508219884225e-01
5.577047050363416192e-01
4.830996643922045308e-01
3.377747983396551801e-01
2.824202679644532976e-01
1.915087644235278219e-01
8.086359133888864070e-01
3.559195477790035311e-01
3.289197916941706268e-01
4.879737052682079912e-01
3.011420526135008546e-01
2.728722192192750140e-01
2.773709892254159759e-01
4.881455529013852268e-01
6.917668904281006892e-01
2.977454498780855441e-01
4.603647125828606579e-01
5.750766554718432788e-01
3.192887274928457031e-01
5.612748479553734127e-01
3.399606837034840345e-01
4.352466087289708629e-01
3.691310320139609136e-01
2.321161251379711965e-01
3.091925732230353940e-01
2.625648372883105930e-01
2.760254768470800091e-01
4.049559034917650235e-01
4.980148302125447790e-01
3.623667394651667317e-01
1.939560492708783668e-01
5.267535381900588787e-01
6.938331657565429689e-01
4.079185748795079447e-01
3.422894044350555109e-01
3.028411342907552650e-01
5.353557542741811393e-01
6.035390105300777464e-01
3.388058726676067001e-01
2.997511022193863339e-01
3.612085074593588963e-01
4.884468766108778781e-01
7.214523380584051404e-01
5.607957583908685928e-01
5.111508831409948828e-01
3.920641273005877059e-01
2.469519964614630969e-01
3.255100698974316420e-01
5.784297338235719899e-01
3.978678170176051521e-01
6.897453683261456359e-01
2.514220322140086061e-01
3.439783400312811379e-01
5.523351160364327050e-01
4.376050772012036738e-01
4.995982528336809780e-01
3.644472629694139321e-01
9.767044383394640761e-02
3.493635291216500294e-01
5.350293249377876537e-01
2.852533802535600627e-01
7.751601701582232495e-01
2.886091516496483433e-01
4.213447917539504539e-01
7.021017189293983218e-01
3.654141071775310334e-01
5.118008377054289459e-01
2.954783847894172366e-01
3.127842184389244551e-01
4.474264167998554531e-01
3.466040407676949653e-01
4.200801529070842810e-01
3.680578113907298499e-01
3.791168878677478871e-01
2.435958666426567276e-01
2.461223087606400906e-01
5.172651298913834017e-01
5.389501491057770988e-01
4.699964739860398311e-01
5.249365787454165488e-01
4.508384492417623624e-01
4.696041347951180889e-01
2.639597519270984738e-01
3.589254836679058314e-01
5.746991753327181929e-01
5.709109141866987036e-01
3.090747720200446302e-01
2.317471514346819972e-01
2.641657921092728789e-01
3.077814696904968561e-01
7.709276035966678986e-01
3.953828000316623736e-01
2.121223006365312302e-01
3.971969831870142964e-01
6.711781933964175995e-01
2.582520261357651448e-01
3.653163993454001113e-01
3.582432200151994262e-01
5.042912722623120736e-01
1.995516673642643568e-01
2.419179644553396402e-01
2.683135861203020389e-01
3.891679953172940132e-01
3.502081285168758273e-01
6.911552696666938278e-01
2.397796277658984787e-01
3.078168472519195453e-01
2.973888292999891658e-01
5.276062436325708038e-01
3.389579601406649823e-01
3.165133159064234536e-01
3.031104780978196578e-01
2.781552492911918417e-01
4.524656233720086296e-01
3.382340336595182073e-01
5.576828653559280369e-01
5.603640391609214788e-01
3.829826240154214911e-01
6.385410722600320943e-01
2.324339231480040124e-01
3.413432067638622058e-01
3.017867177419630287e-01
8.944798762799364145e-01
9.027000172844925618e-01
4.437040615505496444e-01
2.698411407216484426e-01
1.806440686953938723e-01
5.031262766725635993e-01
1.604502142199882020e-01
2.006772039776703320e-01
3.432980221692488176e-01
5.195565713324491464e-01
2.182639727728668544e-01
5.799134277570849871e-01
5.651424605020487490e-01
8.723334948695864455e-01
6.456817386329782860e-01
4.454307168648020121e-01
7.070422703836775069e-01
3.715015049059069985e-01
4.188386124037315472e-01
1.822431819222200822e-01
2.276556970390325729e-01
2.063709575151551068e-01
2.997381114981414463e-01
3.969881770012761990e-01
5.295955882972064321e-01
3.763414765018290864e-01
4.942493287027853732e-01
3.345590559084008486e-01
2.483799366012562349e-01
3.536455843319522563e-01
8.297052429483153801e-01
7.909032701376050856e-01
4.916600335121659171e-01
4.182539123395739855e-01
4.047299628323703380e-01
5.536894937839060837e-01
2.535543792181843559e-01
4.895103559106662172e-01
3.896764366093944942e-01
6.424605789501248720e-01
4.148537623618619996e-01
3.788055534299618610e-01
3.513743609116748434e-01
7.982021684044701137e-01
6.961615892963343155e-01
3.244002273229424360e-01
8.483886456864137005e-01
5.612216995028738165e-01
3.532330120393373796e-01
5.354513256824996459e-01
4.937659077741212155e-01
3.325824327517387657e-01
4.225397549714928203e-01
2.991761834738860260e-01
3.465352221466637683e-01
2.541059664763365422e-01
3.845613488936975299e-01
6.633077444916755105e-01
6.157773099619623380e-01
2.325988325180027572e-01
6.397774106913051151e-01
4.512824165222994455e-01
2.173600005001145308e-01
4.211418588475719371e-01
7.016092312044901469e-01
2.222430114515220601e-01
5.888527905496691028e-01
3.252460961478689794e-01
2.690946789733050237e-01
4.992481128756466324e-01
2.800019845818541575e-01
6.748887478731556699e-01
5.472765629170480706e-01
7.880812301816143561e-01
2.537457160339296469e-01
1.263860926127446105e-01
5.009519286633533630e-01
3.574973829481857823e-01
4.272690823374992730e-01
7.591678398692431884e-01
5.066313145155052489e-01
7.280490326901007947e-01
2.772014807002169401e-01
2.278300139468341090e-01
2.737563576671012688e-01
8.627192741438493018e-01
2.566118058326009033e-01
4.087093622279303062e-01
5.433481250446654531e-01
4.234660753922672161e-01
2.353596985589809787e-01
2.502533376629205719e-01
3.941849521448091975e-01
4.870686229327134131e-01
6.892174251239213678e-01
3.983259020293249963e-01
6.485875821832266797e-02
5.224257615113844233e-01
3.287405404348694993e-01
3.387997389934113146e-01
6.388973708718550526e-01
3.965235444454351388e-01
2.220126220557288033e-01
4.158460700784089026e-01
3.851732573132805038e-01
3.665615836807502581e-01
8.604398212052157824e-01
2.568079184200551812e-01
2.562028565303212657e-01
5.298255354674958895e-01
3.071649879114798920e-01
6.634794370377490313e-01
1.190516037399810406e-01
3.605683730928612718e-01
2.172652714751177605e-01
4.919715578564911040e-01
2.721994113950901295e-01
3.537263566702641415e-01
3.537038687761075439e-01
3.201176004626800076e-01
2.209504566444411289e-01
4.555822960540950595e-01
5.789339442717089668e-01
7.560670407338651033e-01
4.784569787829053844e-01
2.808219058697402071e-01
5.272069768481026930e-01
4.218292570468718528e-01
9.336504382924635248e-01
5.979844300815345681e-01
6.578299707615552494e-01
2.729520555030269802e-01
4.777170240545971502e-01
4.648071251874002496e-01
2.882391296474520193e-01
3.830057806291864431e-01
2.748542782007282193e-01
3.831764781078133564e-01
6.683295870820158413e-01
4.785150495450087860e-01
6.813351717858349144e-01
5.499696356874425041e-01
7.568845455750308204e-01
6.897787920357885127e-01
5.104449569983789958e-01
4.438313268566329017e-01
5.474634961221902518e-01
2.351130636765796644e-01
4.090255404960270735e-01
2.894460124119729305e-01
3.215118234551070375e-01
4.248963036467348631e-01
2.511362791103814995e-01
5.398923283894465630e-01
2.687263282813942555e-01
5.686317219308385518e-01
2.823692686758630943e-01
4.054820801277434494e-01
4.751450962911167863e-01
2.903219828037535422e-01
3.015929266148107413e-01
4.108818570202648068e-01
4.679957251523880757e-01
3.394246035655431593e-01
4.543628509762853707e-01
3.475725695099728396e-01
4.036773641521427813e-01
4.561591150284189378e-01
5.982625800671745875e-01
3.101361239603883102e-01
3.427697322736667496e-01
5.834110900156678214e-01
4.989175887029805301e-01
4.527002777127905331e-01
4.111898960211935461e-01
7.117511944224439446e-01
1.878383859538381995e-01
4.062128108992516529e-01
6.404704952009794283e-01
3.059018328451166835e-01
4.226486968366101604e-01
4.983515988222473880e-01
3.337166311189401213e-01
5.087136040435317197e-01
3.107122075007118234e-01
6.934314014049025587e-01
2.725959917644844022e-01
5.648759612808594843e-01
3.180781570070077002e-01
2.888079894111794665e-01
2.299708438104537123e-01
4.072726445445448706e-01
3.935967594476186271e-01
2.433552653467208060e-01
5.719792985066564084e-01
5.855669870683696265e-01
4.420968381569637673e-01
2.132146010252317092e-01
7.742483186471288414e-01
5.093278270061607493e-01
3.127484298882255986e-01
2.341567751208963877e-01
1.198444690880120789e-01
3.122965118780274274e-01
4.903955714033422231e-01
2.778975348380683386e-01
3.170368356921344777e-01
6.441058698982347064e-01
5.804109413726028510e-01
5.538540330946838397e-01
4.811375572336982764e-01
2.618749177841711573e-01
2.444229576623029310e-01
7.134772556421180578e-01
7.814692378489466185e-01
3.832387093869415451e-01
9.199539149592727005e-01
3.114136182889338800e-01
2.167918747026784110e-01
2.153393296338491636e-01
5.242665295048287710e-01
3.157874847474737012e-01
4.323057581452955378e-01
5.278680873054549805e-01
3.475844405219692401e-01
6.895661679013357359e-01
3.585016449292260932e-01
1.643735125504754979e-01
3.268954032627056638e-01
1.644397907714092166e-01
8.655879804481904083e-01
3.173440057715548601e-01
7.549993868276794196e-01
7.451284427127997656e-01
5.769809052283160211e-01
4.338625947179036713e-01
2.608370188112089649e-01
5.341813703899467303e-01
3.228358975645533868e-01
3.117006740448397539e-01
5.122083309175959887e-01
3.445453759702665208e-01
6.090395624136113462e-01
3.013588029853317418e-01
2.289290283228356537e-01
7.022238339641292404e-01
7.250814287160973759e-01
3.446123087867336010e-01
6.272846691778396488e-01
2.728696801697966801e-01
3.758254401547168055e-01
3.395632756730975754e-01
3.258081173102863048e-01
2.865148534904846112e-01
6.043187801705220963e-01
7.551434688518100513e-01
2.242128611551323925e-01
5.654872792484733068e-01
2.979651657356670591e-01
4.786223057919456458e-01
5.205912995638990459e-01
7.641675687116407101e-01
6.506463918922138490e-01
4.197841758286392499e-01
4.061074859342344023e-01
8.484280664186831800e-01
4.287965123594352224e-01
2.676324237016577956e-01
3.836794489358767435e-01
7.339767093973996737e-01
5.143894104970375691e-01
6.901434679195741495e-01
2.796838611655635409e-01
4.635943676494815313e-01
4.151909982720787262e-01
5.880001808530816998e-01
4.488703446539716313e-01
5.537776451004895462e-01
2.392954887187930535e-01
4.414988659096802937e-01
5.987152952018441887e-01
6.271393368555920889e-01
4.850237339491848543e-01
3.707683022570398834e-01
4.267237433122398338e-01
3.714723106400018571e-01
2.988117757445971079e-01
4.186077906818357897e-01
3.396893825480291618e-01
7.948186997199150339e-01
8.818578151877247695e-01
3.629252664220821711e-01
4.776303431853572978e-01
3.193933547554831387e-01
4.008840353527454159e-01
3.591301883361918690e-01
5.146862611601048521e-01
2.895971306235844978e-01
3.335004623922743217e-01
3.387598048838834641e-01
5.951035505947726012e-01
4.367003803732492639e-01
2.956627699922216856e-01
4.410993245092378334e-01
4.579717467369464612e-01
3.693883262848911553e-01
3.082509554019724485e-01
5.558427987127361192e-01
3.406934568736232904e-01
4.511421346800285059e-01
3.569662376442228613e-01
7.051623738604698710e-01
1.703367472255097603e-01
4.319375215401061174e-01
4.444361485748056229e-01
4.017051701688399423e-01
2.490753997879041892e-01
6.163779562651995336e-01
2.812900135962539405e-01
8.263046850539378374e-01
2.987995338478948715e-01
3.561517267095599681e-01
3.018132783063348090e-01
4.545205753719522290e-01
5.874854254779330320e-01
4.053218903903340053e-01
7.735088522752052720e-01
3.931254449251950223e-01
3.771179796756257141e-01
2.010010424911553295e-01
4.509996849594533619e-01
3.249915522073585361e-01
4.208137778551541142e-01
2.750696257354913743e-01
4.395284523696171286e-01
6.976567219671402365e-01
3.877840816435977889e-01
5.129920805876148071e-01
5.094960360469147354e-01
4.932796326167276368e-01
4.832994618621925809e-01
5.268982186569775017e-01
3.471910850884805111e-01
4.335389018621487733e-01
5.962291592431393505e-01
2.805906812159764119e-01
3.396458884283071744e-01
8.839505664238392901e-01
2.827125482557290570e-01
1.475480456255117423e-01
8.373279919551268602e-01
5.106844468962439265e-01
4.779683789404701177e-01
7.284572697686769738e-01
4.485632028855069953e-01
1.525546667147120727e-01
9.460339714888584828e-01
3.010464301978220680e-01
5.880511821294633901e-01
5.467471222616642201e-01
3.122304075617807761e-01
8.117999785142757663e-01
4.538463173722045441e-01
6.402630337959364093e-01
2.788431969804598398e-01
3.089352845965431249e-01
9.785757463417759094e-01
4.515256082894225642e-01
2.543707996286631579e-01
7.090868958352277707e-01
6.435420905181366003e-01
4.382816299999259257e-01
3.887125125948983073e-01
5.332401079417080636e-01
3.627953741616187777e-01
4.032001063540178176e-01
5.614281907430053176e-01
5.861479245115748249e-01
3.169114841332729693e-01
5.209012614805308417e-01
7.033816639302019613e-01
5.194789643671580137e-01
3.629205367369726654e-01
7.238393303157205638e-01
7.718960411982767056e-01
4.975500069996546260e-01
2.195612648824649682e-01
4.394226758345780581e-01
7.542707012531258970e-01
2.489983603448653882e-01
7.056053043091107257e-01
3.483709226807992776e-01
3.390228372523360068e-01
2.611832224171249939e-01
2.823954907079260224e-01
8.035293786821857687e-01
6.412340970104457583e-01
3.803289247597084199e-01
6.241157926878134754e-01
1.861517611660488125e-01
5.233201575641674985e-01
5.581094712638710043e-01
5.957798111796579477e-01
2.416645879941004826e-01
5.180897207104152580e-01
3.747916704563540868e-01
3.394200219430424381e-01
4.094272674515894161e-01
5.162189878393170783e-01
2.793975719167114957e-01
5.172694450154696755e-01
4.412815995224088073e-01
3.934330858659544905e-01
3.661006895603238220e-01
5.975785002613650532e-01
1.654876225400429002e-01
8.488016351118761182e-01
3.632790308646525190e-01
3.821902090262701557e-01
2.870816505411277753e-01
6.648241597899366973e-01
2.638121415436466832e-01
4.217304109914075116e-01
7.159914665314357496e-01
7.414238721649413222e-01
3.042087445029692527e-01
4.561229772992277942e-01
5.818233656816658161e-01
2.688180704305276336e-01
3.159443085154232111e-01
5.417959993456855639e-01
2.052830615665139635e-01
3.935725853356704107e-01
4.575331932739391538e-01
3.256446090401113325e-01
3.659329718376195251e-01
7.407763980214039368e-01
4.520365065288745043e-01
7.819752176025999146e-01
5.807750842798298230e-01
5.967020504911549894e-01
2.502565164368417694e-01
5.572856245350661375e-01
5.277860536367977584e-01
5.020518739994280777e-01
3.805049780129248771e-01
6.544614502841373804e-01
3.209747995863933556e-01
6.451297952518945111e-01
7.779412329019503858e-01
4.242171316495771394e-01
4.501423653866284402e-01
5.322831238212120120e-01
3.383609717811764117e-01
4.495870150270246945e-01
2.939096029840767565e-01
3.017873228965857191e-01
4.256154243720696173e-01
5.162247489094727859e-01
6.719723631912314366e-01
3.204414200287700742e-01
3.028060351791728166e-01
5.375121740441155538e-01
5.858403136080527762e-01
5.329852155024817906e-01
2.895071424966037532e-01
4.997576638136826399e-01
5.942763512684255955e-01
4.290315383364219914e-01
4.840186677522504421e-01
3.104781286992866485e-01
2.732371926447963451e-01
4.808428119758653141e-01
3.008324550774897355e-01
3.351549912938338593e-01
2.616863483231695597e-01
4.896456130207650359e-01
3.219451364537334048e-01
3.114819133670768680e-01
5.102656365808578842e-01
5.499143635900447524e-01
4.432672683974725469e-01
3.571261922471910544e-01
2.988359422869243942e-01
3.220184851932509362e-01
2.977762527285570671e-01
2.774483267337580217e-01
5.720289390389113882e-01
6.053679511191301099e-01
4.770063362061404688e-01
4.032454223891263623e-01
5.475209843715920233e-01
5.837171561278416965e-01
6.648376360955996489e-01
4.349557394557572176e-01
1.691370351521374327e-01
5.593932696957828465e-01
2.525342480900010234e-01
8.331210544338786272e-01
2.188204215987256118e-01
7.529606156009204243e-01
6.679112626658122442e-01
1.717697939086642867e-01
4.357571025261058328e-01
2.730314133408685007e-01
2.946207330261323420e-01
4.685838183011054592e-01
4.168790420844931122e-01
3.302719861400769674e-01
4.944563493592775139e-01
2.980294432001249771e-01
1.777965571911200304e-01
3.817491216337517423e-01
4.571871979408913544e-01
6.581214799145121974e-01
2.015559118888237966e-01
3.423918527782773280e-01
2.766913182199521870e-01
6.228495777881173368e-01
3.711018654119392357e-01
2.721503402549705353e-01
4.991626174537347471e-01
5.338141674374665691e-01
3.662600912179240220e-01
3.307199445215941447e-01
4.375343788363121877e-01
3.747557206139322528e-01
4.511347714880071802e-01
2.324341164866355613e-01
2.641197082829019882e-01
2.778416956792351677e-01
8.474224275153842134e-01
4.856891343675668327e-01
2.282290597157531353e-01
8.629744239308246856e-01
5.990537394501155299e-01
3.004083592330359931e-01
5.856274784184961613e-01
3.961101192944350147e-01
4.172958648039878371e-01
2.682768592844541611e-01
5.106450016888973709e-01
3.855760873232951802e-01
5.700553125302347812e-01
3.448487837275102108e-01
4.966415946942803750e-01
4.138225188051789516e-01
5.803618207533535189e-01
3.958443418918677348e-01
1.951030482587929882e-01
4.421480749517597841e-01
1.960738179600014230e-01
4.096715920112454778e-01
4.097742763394224275e-01
5.517821339339452624e-01
3.254928709666432551e-01
2.708569772955846111e-01
2.819864451038203712e-01
2.882300874395012924e-01
6.029573206007489139e-01
2.289421856510964470e-01
2.943952867090007253e-01
5.232460837688905908e-01
3.198697590970602245e-01
6.811446240129616081e-01
4.233176101427927884e-01
8.106118777971538236e-01
5.684981525308281380e-01
2.762229772900002822e-01
2.954355940279501103e-01
3.685555931447596634e-01
4.033082437428125999e-01
8.778056655516902618e-01
4.310112915546502887e-01
7.561580130802274535e-01
4.638171464876074124e-01
2.987582007433794984e-01
3.714387745527198970e-01
3.702725194542809128e-01
2.483848100742017395e-01
5.688100993655603732e-01
3.499484560334588101e-01
3.708979569658278352e-01
4.976702508091289667e-01
4.740350354264912802e-01
5.411919526952956305e-01
2.378215201281548841e-01
3.202528235588801842e-01
5.366409588880275416e-01
4.516887647701217645e-01
2.550438457672148385e-01
4.608888699257231991e-01
6.495450902485115918e-01
2.805210161430343185e-01
6.888787994579549379e-01
1.867653765028331470e-01
5.749929836423517404e-01
5.180279336696793635e-01
4.835800360627002803e-01
2.643702363674541034e-01
4.350588691289250520e-01
4.022786256358512613e-01
1.917251132663606306e-01
2.884120930442874431e-01
2.492324428982412854e-01
4.166820410391457452e-01
3.203671593278811791e-01
2.691283352366885540e-01
5.184667469287408403e-01
4.267455700528796636e-01
3.063242304880909317e-01
5.300908337126442049e-01
5.671923954130733136e-01
4.724261194284669063e-01
3.835750653224206941e-01
7.573760127149299359e-01
3.762481596131670991e-01
4.044893125622225916e-01
6.488411697013362067e-01
6.126643401207000350e-01
7.266499599164553125e-01
8.809647961018678419e-01
3.982502395389695971e-01
3.770407049313238002e-01
2.939861274608884800e-01
4.316243268216180540e-01
4.745445182356348712e-01
3.655614219028179290e-01
8.121082764708097423e-01
4.809660964958444862e-01
3.805273502625602378e-01
4.467907828546776594e-01
4.986208560682687252e-01
2.793901389765808263e-01
5.059526246214283152e-01
3.196660267659565680e-01
5.632097667458704215e-01
3.787583563512745832e-01
1.587998429217501450e-01
5.181966073088893898e-01
4.941417943842990601e-01
2.854420793706232140e-01
4.777359896751730561e-01
7.128643675766034304e-01
5.684591302306888361e-01
5.505951105502089327e-01
3.360916379803549070e-01
2.680246027706033041e-01
2.182626890378580597e-01
3.761224772335740596e-01
7.429165013416362262e-01
8.128127802202838037e-01
3.788291407044601100e-01
4.602463542805146357e-01
2.846632278508833824e-01
4.695337428992565343e-01
2.774927947494063019e-01
2.648603546839369827e-01
4.038549305274420353e-01
5.849623595164108458e-01
3.924437157935481979e-01
2.438670509794145791e-01
3.064506748432649363e-01
5.474556846913496422e-01
5.218593759377812002e-01
5.175595917061321938e-01
5.880215123202388039e-01
5.502485166166452002e-01
6.258932976775994916e-01
6.969401649924162889e-01
