-3.239240170198990493e-02
-1.277664897368177566e-01
-6.185558473215932440e-02
5.040855462542894946e-03
-2.810687144373089780e-02
-1.279363657063246618e-01
-5.450938386194108254e-02
-1.076312595308537845e-01
-1.115945630829848906e-01
-1.314886242990454257e-01
-1.824729254250491151e-01
-5.664957124819843676e-02
-1.386281556069208359e-02
-9.749905516598671162e-02
-5.457419838896539893e-02
-1.324003492662592651e-01
-1.192208961259200173e-02
-3.019750966198756978e-02
-7.231740001852580979e-02
-6.593383650355415238e-02
-1.191483277450136880e-01
-5.237782479266109986e-02
-1.162688440243758448e-01
-6.287774638404763916e-02
-1.093489563784909172e-03
-9.282984512227303309e-02
-5.235341790134464407e-02
-3.924576420442830310e-02
-2.939711102677483590e-02
-9.254235380161884850e-02
-3.937558987894736184e-02
-6.142342721514438414e-02
-4.653670265390964095e-02
-2.288914970767207905e-03
-2.842637341531000644e-02
-5.539676990516295696e-02
-1.004784686585626363e-01
-8.844175700557342645e-02
-1.049537868258882539e-01
-6.070990750025511556e-02
-5.576006946345619247e-02
-2.321230476466817558e-02
-1.110843272958635802e-02
-1.944866068180025817e-02
-1.826704069390797658e-01
-1.193943622881140920e-01
-1.556225048668311017e-01
-4.018702195879492178e-02
-4.211837685522818592e-02
-5.071859350790439147e-02
-4.438579951918418011e-03
-1.507999960915066828e-01
-3.711012546717705474e-02
-8.068736724231312385e-02
-5.865423016461907002e-02
-9.368769523395750753e-02
-6.469733817316265789e-02
-2.763850040215284562e-02
-1.650438311361557275e-01
-7.858475146783765880e-03
-2.278684466165725730e-02
-7.040946438846175381e-02
-2.953582713645149654e-02
-1.166716788650039305e-01
-1.320855503662606845e-01
-1.531138110579695066e-01
-1.121176508945373636e-02
-1.501449749213079887e-01
-8.782064304631512219e-02
-1.844340327137647950e-01
-9.981107452857905515e-02
-2.623461948991096318e-02
-1.096027727515725414e-01
-1.274792842815494764e-01
-1.646204547052523490e-02
-1.497988979478390680e-02
-7.083875140810597104e-02
-2.494738482304988680e-01
-1.785102686836239350e-01
-8.529410286936741151e-03
-8.019432240785816235e-02
-8.764624221432734674e-02
-2.890880606803241087e-03
-8.692491949678514407e-02
-5.090945829544875345e-02
-7.134559231398211743e-02
2.770296667386207713e-03
-6.655218250227522281e-02
-4.842199050394914439e-02
-1.185859277281545027e-01
-5.688035182434475479e-02
-8.610632349320997136e-02
-1.633396594260733831e-02
-6.679632549929409580e-02
-7.201002771183817597e-02
-1.994989124659528323e-02
-5.266726523576194252e-02
-5.050455287742165039e-02
-1.549774736733352531e-01
-8.888025347754105465e-02
-3.308775455842533075e-02
-1.074161392380969249e-01
-8.380324234726464760e-02
-6.103277311741078792e-02
-1.658860328637870585e-02
-1.356492555739239603e-01
-7.748042450459584340e-02
-7.642231767142874943e-02
-3.552513308104908452e-02
-1.391633033126947749e-01
-9.121582609964908051e-03
-1.784720054105177339e-02
-2.798088760410906081e-02
-1.620044286943762291e-01
-5.400331258616191538e-02
-1.544407412380089384e-01
-1.033904261811638553e-01
-4.154118269944209046e-02
-2.044430388448564007e-01
-5.461809177845756980e-02
-5.842713392304494519e-02
-5.155298112772197655e-02
-4.671832169381082839e-02
-2.174011279791802573e-02
-4.163278746492233423e-02
-5.258706933107500092e-02
-7.201082541469941423e-02
-8.858015178883485441e-02
-8.139828134469369314e-02
-2.311080345775054848e-02
-7.332881908685602579e-02
-3.756248997459105121e-02
-1.061107771643244740e-01
-1.469597450289924778e-01
-1.319009734810504611e-02
-1.670351124896602424e-01
-6.003006555624873335e-03
-9.140643648684072808e-02
-2.575890528070734833e-02
-4.287045652671319512e-02
-3.898528871521090428e-02
-1.989025675991488301e-02
-4.401188078984575452e-02
-1.149658286400355445e-01
-6.259374529962964673e-02
-1.968672952012257282e-01
-2.438882934854930823e-02
-1.276323690001489874e-01
-1.557992845464321353e-02
-3.340716000813474529e-01
-7.021064682415310843e-02
-9.765520662381835248e-02
-4.417635669804360898e-02
-1.872047907179567039e-01
-6.895766605270556293e-02
-7.405103063570088462e-02
-5.574367300118762691e-02
-2.285296667728789199e-01
-2.259178149879384825e-02
-5.305451537332631778e-02
-1.438583954636696305e-01
-1.482886125957746659e-01
-5.828818527691938950e-02
-3.380749919930258612e-02
-7.473035622827510494e-02
-7.993750935501596488e-02
-1.428977361777701571e-01
-2.637254573848021866e-02
-3.054624699569192248e-01
-6.050342240984982883e-02
-1.414703546444270599e-01
-2.176689732883181350e-01
-6.181807394216121132e-02
-2.921498990553047723e-02
-4.924963282991220992e-02
-6.684197243850462100e-02
-1.709166346209793907e-01
-6.288111967894326193e-02
-2.028383565839386032e-02
-2.645901305341602852e-02
-1.350669401958649318e-01
-2.571866581547087652e-02
-3.612771071398671735e-02
-5.804368772564968276e-02
-7.018703521685691615e-02
-5.400852767523812992e-02
-3.556354712563732090e-02
-3.499307607807997794e-02
-4.709088708659993350e-02
-9.725263649237594898e-02
-1.861672329400294035e-01
-5.541697402848223819e-02
-9.654277078617064245e-02
-4.259566007199101778e-02
-2.883022677595505068e-02
-5.267185352450325098e-02
-8.357080755793443172e-02
-1.615252545374713244e-01
-6.431909166548524515e-02
-3.649041691303391705e-02
-1.865505334582490127e-01
-3.875694634530996857e-02
-1.439277432972322669e-02
-6.705521342378893690e-02
-8.857466554629069011e-02
-7.773732761916525569e-02
-8.650631365029547160e-02
-3.219718901795595722e-02
-1.302617613048348000e-01
-5.840940175942588991e-02
-7.388161534042513023e-02
-9.059783278992304678e-02
-6.740306626967128290e-02
-2.565914464571699902e-02
-5.973577641668379595e-02
-1.375383911479111654e-01
-8.759015278863259077e-03
-2.068846093850420370e-02
-3.242475826684301787e-02
-2.872164123300893421e-02
-8.184446629794377148e-02
-1.690900541900718784e-02
-2.628151094702336210e-01
6.870986514547892943e-03
-6.287111773811746018e-02
-2.150411789671176077e-01
-1.187290520191689458e-01
-2.452228522945663208e-02
-2.041379173310159043e-02
-1.246139471803853482e-01
-1.137844502141825143e-01
-3.430974673016934373e-02
-1.741473858498320815e-01
-7.821972634852446260e-02
-1.078897718415271212e-01
-1.160180301978110673e-01
-1.192723797800100682e-02
-1.421736864337335982e-01
-1.287139248414432280e-01
-2.030809723295923588e-02
-7.247536821682992736e-02
-9.923722933394135692e-02
-7.680564251652526042e-02
-2.460394130034443405e-01
-1.375637665007163057e-01
-1.144540352849734120e-02
-9.533509882601258478e-02
-1.053985084140989133e-02
-1.395880122435930182e-01
-3.431842292644850939e-02
-1.009756249408511330e-01
-4.687765131874228192e-02
-4.758380428337635054e-02
-1.260533265977551720e-01
-6.518781152616422159e-02
-5.971070964894224092e-02
-7.312567342338870124e-02
-1.384745801509066898e-01
-1.136105726688840939e-01
-1.595452268985402267e-01
-8.139110922642238399e-02
-7.300221892851294081e-02
-3.357469586700154163e-02
-4.318830973433242237e-02
-5.580657815911642394e-02
-4.906334998188761898e-02
-2.992965998313429354e-02
-4.556844408115280631e-02
-1.016803638680876948e-01
-9.125486794157543213e-02
-1.268707311842867669e-01
-5.827134987395104354e-02
-3.095870296799433860e-02
-5.748691476621819313e-02
-5.695679513720418308e-02
-9.106794302411448661e-02
-7.526614886508851965e-02
-7.831442670566206299e-02
-1.049861904348481506e-01
-6.231818626009592854e-02
-1.026286088475490688e-01
-8.777006764529923788e-02
-1.360197864215211341e-02
-6.268624835470869294e-02
-9.441722836189497814e-02
-6.688001040020656596e-02
-4.710654509701286963e-02
-9.717876257657163952e-02
-2.496143321996203701e-01
-1.768247536351542915e-01
-3.083894582209037796e-02
-8.581134294979561594e-02
-1.027807127442836518e-02
-1.252701635795426816e-01
-3.422931461319836388e-02
-2.771519349770510537e-02
-1.183531290167329497e-01
-1.911678825685187225e-02
-6.205744298036911660e-02
-6.285897768135051411e-02
-8.529699116909482404e-02
-8.378187635260911370e-02
-4.285985718470213673e-02
-7.487828750321817717e-02
-8.151490616841863823e-02
-2.268664321160305045e-02
-9.358625254245875325e-02
-6.162816885762622404e-02
-1.302430892207254720e-01
-2.346765393304484637e-01
-8.700134328199980727e-02
-9.707432590206109546e-02
-7.370487211234199622e-03
-1.448662261187835532e-01
-1.919818459250039189e-01
-1.784089373478575102e-01
-2.357367173657811676e-01
-1.450591204521498867e-01
-8.024720385278898138e-02
-3.840267041285592292e-02
-2.844884157285025583e-02
-1.169736889746304104e-01
-1.282888800074849294e-03
-2.683168836321177253e-02
-1.833376001417127421e-01
-4.015793197342183533e-03
-3.913018558152126652e-02
-5.643412722705806045e-02
6.737227260951768153e-03
-6.032223731932857130e-02
-4.097751249729353340e-02
-1.238681364941708885e-01
-1.594065598720957599e-01
-1.312002059021488420e-01
-2.026286448038194798e-01
-9.326154004441232492e-02
-6.231156523235552996e-02
-1.965172889766843289e-02
-8.991500675047987834e-02
-1.359410599759344473e-01
-1.413251414448391252e-01
-8.022106115514904268e-02
-5.991138026945355688e-03
-1.450369345812809602e-02
-2.461304356088022186e-02
-5.204560385745667095e-02
-4.917472333132279216e-02
-3.868936928070978304e-02
-8.235319714324734752e-02
-2.248079930924539935e-02
-5.774433234076694482e-02
-3.828303974801546689e-02
-7.653899370292124860e-02
-5.201559566581604593e-02
-5.951296116232207556e-02
-2.451479074176028325e-02
-3.583869323424889591e-02
-5.822722459828460345e-02
-4.447353985721172465e-03
-5.983603954709999090e-02
-1.955868571559665203e-01
-1.833927460727722419e-02
-1.423535068255741068e-02
-5.818840222465459372e-02
-5.743982438269706892e-02
-6.204847279331370674e-02
-8.619234478381473941e-02
-6.256455998715863831e-02
-3.063575410156956294e-02
-9.200326870795243195e-03
-6.061953709664568563e-02
-8.364110527963036779e-02
-3.011863924344850355e-02
-9.704543049476073435e-02
-1.405549514521449161e-01
-5.525373095663837358e-02
-8.720379116975664202e-02
-2.073530346609665787e-01
-1.456151982710102988e-01
-1.390749038774413138e-01
-8.076066756521925460e-02
-5.656233216556728893e-02
-7.337729429492258204e-02
-1.341066014454496413e-02
-5.347728214383979523e-02
-5.674329047548754001e-02
-1.282354847446199597e-01
-1.862408307338573876e-01
-1.220583207867081271e-01
-9.273756487629003509e-02
-5.003954505931254571e-02
1.167396225312375977e-03
-3.612773059936018327e-02
-1.008230887236882638e-02
-8.288545379999390228e-02
-1.045602961491124555e-01
-1.027783620634663275e-01
-1.697951779013503679e-02
-9.003214525375391464e-02
-5.080193775623603053e-02
-3.881460066871542103e-02
-2.758053432675309363e-02
-1.524975746103404695e-01
-1.212104624127786356e-01
-8.346914895553768365e-02
-6.372522891685319935e-02
-2.494937519906340398e-02
-7.412797397529816146e-02
-2.820393042343141699e-01
-5.888234919789992437e-03
-8.152262384629570258e-02
-1.067587281762731877e-01
-1.419724846232433002e-01
-1.424709385662696337e-01
-6.605039558361019969e-02
-3.593484476645188164e-02
-4.747794949501916995e-02
-5.676245742299535629e-02
-1.062312766376568018e-01
-1.293989104581045047e-01
-7.220173123141418459e-02
-7.511332869365247578e-02
-3.154019704184873180e-02
-1.309238624230780502e-02
-4.404144416411017171e-01
-2.814029638241720768e-02
-1.385654673430288530e-01
-8.455986512122051768e-02
-6.679934522724959023e-02
-5.357631121877072522e-02
-1.219259203301753247e-01
-9.284628406980401094e-02
-1.018950623955547641e-01
-1.234636465610037676e-01
-4.530585719011647611e-02
-1.048070711813564593e-02
-3.184370231045868804e-02
-9.241561960149749511e-02
-3.577272827330318927e-02
-3.591731674766646815e-02
-3.235918427633504950e-03
-2.220639782061510983e-02
-8.107302916496198636e-03
-8.825650544579620449e-02
-8.578221856875273277e-02
-4.992442439144391397e-02
-1.527980963343787135e-01
-3.670005872744631914e-02
-9.294797751081325388e-02
-5.819279008195928082e-02
-5.049675103909920595e-03
-4.308448649176783302e-02
-1.489228652210802806e-02
-2.615373915348546963e-02
-7.344180314903443751e-02
-6.842234424823663563e-02
-7.486112951106634050e-03
-4.814907535008186579e-02
-4.972047522901995587e-02
-1.004752170926589833e-01
-8.880844379155612700e-02
-5.605033897208972632e-02
-5.998119084083268493e-02
-4.828540930206895454e-02
-1.571087086835545044e-01
-5.006414030297694912e-02
-9.353630395399163688e-02
-2.480774495387951320e-02
-3.897730490126075087e-02
-2.044329041698358246e-02
-2.071808809280785077e-02
-1.268853308293224347e-01
-1.070294554654948327e-01
-4.591749208884154249e-02
-1.735365462871567635e-02
-1.168709165314628512e-01
-3.997662497671160275e-02
-2.674115048889746243e-02
-1.335852812970431819e-02
-5.634951256923109546e-03
-1.664197622847198368e-02
-1.894408019841969937e-01
-8.345615246141983856e-02
-5.498271484260564695e-02
-5.609176009018711911e-02
-6.257835482992563092e-02
-4.025914520633300242e-02
-4.456426670604697604e-02
-2.307149445387931541e-01
-1.013187354302068077e-01
-2.601053107835790343e-02
-8.983196856855359125e-02
-3.834315649030020645e-02
-4.997538793308309996e-02
-3.276741650639019426e-02
-1.964051115033318140e-01
-5.017504216101910386e-02
-6.423886834176296967e-02
-2.134924578623121835e-02
-7.506273096128741884e-02
-5.806239639022596488e-02
-6.203909179257651590e-02
-9.091367601484165450e-02
-1.322966271200624044e-01
-5.404201265303112262e-02
-7.394391405949160556e-02
-1.126549900677235733e-01
-4.875829611635042193e-02
-2.570455311471772641e-02
-4.210594941654831336e-02
-9.385265428253557196e-02
-1.609423828231351314e-02
-4.235994043858990615e-02
-1.328848689075585177e-01
-1.138208766778819880e-01
-1.811982483393529686e-01
-1.371681815067611887e-01
-3.911417008638174569e-02
-9.613656532319342363e-02
-3.950289703503477579e-02
-8.069131775555647701e-03
-2.959800238730320859e-02
-4.698900842674105793e-02
-3.796921891136503802e-02
-3.076162114341875545e-02
-8.895980995429732252e-02
-1.083303521319694540e-01
-2.446785665569893228e-02
-8.870628851115048424e-03
-4.626225075743024828e-02
-1.570894157340265796e-03
-1.417727368957212297e-01
-2.549322223238151275e-01
-9.517668661440632782e-02
-2.150711988380776540e-01
-3.758983894782024632e-02
-6.174703565659919735e-02
-6.771555825535070794e-02
-3.200623606273240995e-02
-5.007334175219717992e-02
-9.394395959944137897e-03
-7.670387364707888234e-02
-1.698683949015400707e-01
-4.957775109811762143e-02
-1.298900195282818859e-01
-4.320450656380655542e-03
-8.081903865689063493e-02
-9.338365741374855811e-02
-4.624980668606108736e-03
-2.289129377122815084e-02
-3.037342503311587366e-02
-6.119104818450892685e-02
-1.224126264391507402e-01
-7.469116495559541269e-02
-8.618249475772643553e-02
-2.842195754488757720e-02
-8.088818791716416434e-02
-2.275054773369898295e-02
-1.257451960915615397e-01
-1.078654309360292662e-01
-2.957540277931923131e-02
3.285469077191643331e-03
-6.441417305683340422e-02
-3.901069118280883850e-03
-4.889610680183083952e-02
-4.184273491007788753e-02
-1.476122026133999121e-01
-7.834712152442746547e-02
-8.680905545376216281e-02
-3.548894555867651568e-02
-9.591174887792548731e-03
-9.313045836139477451e-02
-3.014079796718602614e-02
-6.482531958396360594e-02
-2.777011171194271322e-02
-4.359987155581983992e-02
-3.131618135903080097e-03
-2.638694574371579227e-02
-5.464109306964606144e-02
-6.418754021027685275e-02
-1.769811727407111148e-03
-3.041488547010769844e-02
-1.976455184484856020e-01
-8.576460691114214108e-02
-2.920320964271782768e-02
-4.326699838258022540e-02
-6.371384880759009550e-02
-9.413600616130364529e-02
-4.647035163119557499e-02
-3.376321644868663513e-02
-1.609588891913745629e-02
-4.208274579891919942e-02
-4.088273949441914752e-03
-1.383193357453497696e-01
-6.665363639199023416e-02
-1.191758044138288043e-02
-1.798465261920934380e-02
-3.660161494773716412e-02
-7.155578156878321383e-02
-1.355197013388906857e-01
-5.604043080202185390e-02
-1.929905336292217777e-01
-1.905657685702097370e-01
-3.178043585572283281e-01
-5.950458052723648500e-02
-1.079736212030741466e-02
-1.048104492547319438e-01
-2.997466325356605218e-02
-7.105363316900924209e-02
-4.869488450929663342e-02
-7.019263393177391230e-02
-2.598285556033872942e-02
-6.837617330452090691e-02
-8.015716437753230006e-02
-5.502673707635193784e-02
-1.369580437110499982e-01
-7.226488884973336635e-02
-1.664147087805192132e-02
-1.129674832314632033e-01
-7.171711381927443896e-02
-5.367231241743478098e-02
-5.469508200835006967e-02
-1.055252677306077053e-01
-5.698244752332892044e-02
-7.432414455170516243e-02
-1.360896550777015712e-01
-7.593792799303766827e-02
-5.228474064121951120e-03
-2.210828405383031825e-01
-1.148279453151176549e-01
-3.848487877144018271e-02
-6.456055386318775013e-02
-6.705133735108716186e-02
-1.487694881589910791e-02
-1.207936153816858149e-01
-1.142485999733581364e-01
-7.429687454127655022e-02
-5.706068191081607732e-02
-5.664046215634018638e-02
-2.797357979122912577e-02
-1.572425442422175149e-02
-8.060414503101837047e-02
-1.552150458828140123e-02
-4.958473869797661027e-02
-9.960241656096288643e-02
-1.878715652671883174e-01
-3.860740863516537447e-02
-5.433704060586587448e-02
-8.626662783088774600e-02
-8.361491032802303991e-02
-5.584893082875486831e-02
-1.490743872255304719e-02
-7.423383372641927103e-02
-7.802640598549748403e-03
-3.673513838533599279e-02
-2.424033908623775616e-02
-3.044649450439021465e-02
-3.045513157748151040e-02
-7.566856849441670751e-02
-1.418378670700637667e-01
-7.719970987158333853e-02
-1.052946161447026498e-02
-1.203929304805912703e-01
-1.498041056446045016e-01
-1.565969585524760142e-03
-7.718636818697414970e-02
-1.968427345774699522e-01
-1.007471295897606062e-01
-6.744310697479674599e-02
-4.640965242189314804e-02
-3.901810107641688879e-03
-4.484657747765111863e-02
-2.531449667624151023e-01
-5.075139607218887711e-02
-3.832835379861950637e-02
-2.146478277727929471e-02
-5.206008495017597909e-02
-1.379990634961722473e-01
-1.023373898192416892e-01
-4.966740355145961988e-02
-1.295971725516189554e-01
-8.285936603413585066e-02
-1.572211408689806467e-01
-4.799902318526089173e-03
-4.366236072775488142e-02
-9.162450164520957729e-02
-1.701589346669851177e-01
-1.590922877488783194e-02
-3.257076861331451023e-02
-1.083483046429792179e-01
-4.599882124031480501e-02
-3.394570087843782474e-02
-1.687588841222240899e-01
-3.543362927020982794e-02
-1.117334898189076969e-02
-1.129915121438492959e-01
-7.737546370158142339e-02
-7.126719889040594724e-03
-5.048569651123965135e-02
-4.633197435897564581e-02
-1.782866623078616444e-02
-3.153676711135122712e-02
-2.226670888595167208e-01
-1.594578550879719447e-01
-4.333575225340430964e-02
-1.844078756427795784e-02
-1.127846816738997671e-01
-1.841715390550757378e-02
-8.877586252955331492e-02
-8.943369422799769819e-02
-1.027084238779492342e-01
-1.405836461147374761e-01
-5.000927825579999826e-03
-5.087404701002790075e-02
-4.934701357759525842e-02
-2.233405763015062218e-01
-8.089115932260880493e-02
-3.211751053934958078e-02
-2.114037838769545000e-02
-3.617539355778826016e-02
-1.182052279886715157e-01
-2.361410388467864024e-02
-4.455416730066540099e-02
-1.007416338887653917e-01
-6.968667440624953802e-02
-1.546276016058912295e-01
-7.968794190303749719e-03
-9.278089873597493431e-02
-2.564459224611033428e-02
-9.454801297632814405e-02
-3.864517736567443101e-02
-5.205484870495882127e-02
-7.674797658229079445e-03
-2.375200704392734508e-01
-6.584366543131006666e-02
-1.029944246918656214e-01
-3.603714423278393114e-02
-1.250544678974829793e-01
-1.291150450566169901e-02
-3.564771990482227398e-02
-1.394204663629018404e-01
-1.610941386200925307e-01
-7.282903631626688745e-02
-1.912453850518341242e-02
-1.063128440238084171e-02
-1.422867373729764795e-01
-6.151171318586911435e-02
-2.778802008602018758e-02
-1.563548790858550197e-01
-6.746440655625890459e-02
-1.427210454952559070e-02
-1.097335590844636388e-01
-3.631173898006246487e-02
-4.215435558141854278e-02
-8.959729064300497869e-02
-7.958244308954706692e-02
-2.536929054936484448e-02
-1.608668147342368418e-02
-1.733530081827406033e-01
-1.992251093505658169e-02
-6.155011563967040245e-02
-1.278763692256051077e-01
-5.966096182406082499e-02
-2.453873312040067214e-02
-1.045989846629621634e-01
-7.154284298571943201e-02
-9.696181821972817139e-02
-1.460371449059736926e-01
-5.325833648893247424e-02
-5.861506697707416502e-02
-4.328644259153088120e-02
-3.052625032701923938e-02
-2.893631688286944087e-02
-5.846475843865375083e-02
-1.035206847314604911e-01
-9.998463805314422581e-02
-1.276874649893943725e-01
-3.454807958983854149e-02
-4.172994737373005719e-02
-5.733990122906985898e-02
-1.180417042171605646e-01
-4.033185595270172286e-02
-5.344514599146503453e-02
-8.786390552877300364e-02
-2.133644089947971390e-01
-1.509419805749491299e-02
-3.168471201177253810e-02
-1.309768938808098804e-01
-5.887515419093958952e-02
-9.762067664315001586e-03
-1.780844530630668401e-02
-4.673967912571067723e-02
-3.928470997880750826e-02
-5.382097551278643838e-02
-1.518890883226196864e-01
-2.844937874850814175e-02
-1.311501673483948249e-01
-7.886655038542765561e-02
-1.112524546207489112e-01
-5.883993770343296653e-02
-6.118062972384630954e-02
-1.695302354206796314e-01
-9.229730696189279715e-02
-1.406727480099223548e-01
-3.635359729828542552e-02
-5.444707314926048453e-02
-1.062634808124657826e-01
-8.074841972196898643e-02
-6.976940290910239872e-02
-1.103962480508438315e-01
-8.638611746235703992e-02
-6.382161141667620774e-02
-4.098959882918460501e-02
-3.636203019180414553e-02
-4.164901351414410785e-02
-5.700565265152405386e-02
-6.453898822265727309e-02
-8.589180677422666652e-03
-6.826754401744437872e-02
-2.037302413402096446e-01
-4.021970919802180661e-02
-1.070767258986797255e-01
-6.773689413267685970e-03
-1.009279800635246999e-01
-1.459178567739229451e-02
-2.323990926675425020e-02
-1.248868479449455476e-01
-1.059353077659297426e-01
-5.972699949839425232e-02
-1.502487756114706530e-01
-1.389894921585883153e-02
-6.889453793688940508e-02
-5.731132006014740682e-02
-1.373414365087105571e-01
-1.015606190490478400e-01
-1.617098486535569202e-01
-2.370570451277194055e-02
-3.908375783955222310e-02
-3.516182220455811580e-02
-1.595355554414484012e-01
-6.926206347490460047e-02
-6.541257967297084419e-02
-7.479936876712500737e-03
-2.484849124167205422e-02
-1.784528195911639359e-01
-5.269215287429190528e-03
-1.699019059808013626e-02
-5.111319824586599975e-02
-3.700171099245633255e-02
-1.196435785698179294e-01
-2.329527105806237369e-02
-2.431157036788225700e-02
-1.602810293067668257e-01
-9.677187435752221401e-02
-8.496467496764516236e-02
-5.812583523218860238e-02
-3.825394327204215128e-02
-7.926751315898081240e-02
-8.295249977222035262e-03
-1.867105144303724679e-02
-4.278436877838069641e-02
-3.580350735578026466e-02
-4.807293545816810482e-02
-6.134908387457585488e-02
-8.148319953507293656e-02
-1.535503382055711068e-02
-3.652639703354580714e-02
-1.356280811057511970e-01
-5.117918704303592303e-02
-6.299722882429627246e-02
-5.988252564950637125e-02
-6.053783127937252539e-02
-4.304137642387011187e-02
-1.034037617401273174e-01
-2.496195112364301555e-02
-1.099182269521390282e-01
-2.716055880245542981e-02
-6.929324239880790826e-02
-8.054481981234125343e-02
-1.044125823002629017e-01
-9.836292502221434531e-02
-7.523755632570293395e-02
-7.038353144563729014e-02
-1.151897957359876989e-01
-2.457528199150241927e-02
-1.002647457044061191e-01
-1.483711970563011684e-01
-3.534673814770518396e-02
-7.411790307937550504e-02
-2.076506412961177592e-02
-1.999053700902985245e-02
-1.062840730120345328e-01
-6.679505519632714106e-02
-1.142989979050135635e-01
-4.932606684994302049e-02
-8.656445708012622253e-02
-9.442952616758977513e-02
-8.526508812481334298e-02
-9.434135319387589036e-03
-7.878697476029090929e-02
-4.623943211384864277e-02
-2.018371776830810982e-01
-1.797618756146576180e-01
-5.660260547881076909e-02
-1.684127817620072742e-01
-7.962642527091069733e-02
-2.847488713990931064e-02
-9.730031588804112508e-02
-3.246165157797692435e-02
-5.086787391241840567e-02
-4.518116068654753209e-02
-7.320394669148787281e-02
-9.703327872885453287e-02
-5.503426342765172646e-02
-3.791580608531718022e-02
-4.019938511317584090e-02
-1.069555549820896262e-01
-6.009744056553701502e-02
-5.143915399057039789e-02
-6.724834728291313735e-02
-1.018694695252837963e-02
-1.279319907758309782e-01
-3.859879251140894280e-02
-3.454019459097287109e-02
-9.001547617414330793e-02
-6.989423145272012639e-02
-2.254753159591791345e-01
-3.915568427279158409e-02
-1.108315320780059732e-01
-1.221069137092632567e-01
-1.142132103683547034e-01
-5.226634503193350323e-02
-7.855897366236305746e-02
-4.119472842935551632e-02
-4.032696478612091129e-02
-1.562767040641519500e-01
-9.391211942053563633e-02
-5.775307849440559915e-02
-2.641051752460760876e-02
-3.870069629094260305e-02
-5.177001677479824843e-02
-1.043208594199800526e-01
-1.238218523646191643e-01
-4.334023252513567043e-02
-4.206302118998054423e-02
-1.473145172368069827e-02
-1.811578214883005980e-02
-7.103244291828342619e-03
-2.295596899625594947e-02
-1.105600759138156836e-01
-4.303765845648045707e-02
-1.165131988906356053e-01
-3.346646108247230272e-02
-6.707664251897892116e-02
-1.478844336297226447e-01
-9.419379462154830324e-03
-1.509896309321230069e-02
-1.459337738146601893e-01
-4.729915196419497148e-02
-4.518957752841935155e-02
-1.738257250333097303e-02
-1.420753770623982282e-01
-3.211581980062423042e-02
-7.886152467056181670e-02
-4.878377668320764415e-02
-8.886718099626714218e-02
-2.189278388642484918e-01
-3.744407796858658516e-02
-2.953669232527968147e-02
-1.625935581345524517e-01
-6.394583747142094932e-02
-1.014372685814070654e-02
-2.144773641588998414e-02
-3.831319071732699338e-02
-9.291350856067878694e-02
-1.143411767434567433e-01
-1.276078422321687000e-01
-1.425136306450233981e-01
-1.460193124667444609e-01
-1.415245791044721091e-02
-1.928502772865508391e-02
-4.203369696191541771e-02
-4.287671536584115872e-02
-2.336177816762362303e-01
-4.175239642323686634e-02
-7.135704908374092270e-02
-9.399363900814244888e-02
-6.792000449408722162e-02
-4.724053744055927567e-02
-7.007330495012892291e-02
-5.931836050006450423e-02
-8.396912761784006141e-02
-8.336785320891851314e-02
-4.146278513554291223e-02
-1.075425835777004818e-01
-8.429336200275246160e-02
-3.001443747903366141e-02
-1.625501798037880946e-02
-1.439472708994686545e-01
