-1.079887859998179267e-01
-1.707213561505373234e-01
7.777641542296323540e-02
-1.806807632155010557e-01
-2.821845682033491398e-01
-2.717156983048562569e-01
-4.055675104125078811e-01
-4.845744199003913510e-01
-1.329900640002174284e-01
-1.980657274809192181e-01
-3.687268133693186734e-01
-2.010100512836420217e-01
-2.022158606139151105e-01
-2.146528759239849926e-01
-3.138343399012049617e-01
-3.239495515931958280e-01
-2.193059247432055936e-01
-3.529636504699718014e-02
-3.123208802899704595e-01
-1.984607444739910076e-01
-1.599231875572159622e-01
-1.211887039687406797e-01
-5.101253699435965849e-01
-3.051907271553564449e-01
-1.961488721892743758e-01
-2.250265202595529979e-01
-6.972431558370344173e-02
-1.598180773096667395e-01
-2.985172862104585323e-01
-3.193319794675527623e-01
-2.497297563616528715e-01
-1.792916648500919308e-01
-2.069767902260482850e-01
-9.001684404225814007e-02
1.237935113098587447e-01
3.793426665216100002e-03
-3.381245943052904046e-01
-3.379106295208995636e-01
-2.916042347205931029e-01
-2.194118121897384588e-01
-1.461655591230205942e-01
-2.889127990290707992e-01
8.214734936272542754e-02
-3.736640112161651039e-01
-1.220162607556752737e-01
-2.077834341883899871e-01
-2.808132018838196409e-01
-1.409193975131918242e-01
-4.667368963038349139e-01
-4.116199995726773503e-02
-1.652333077390664151e-01
-3.137642714435818769e-01
-2.530319402342357527e-01
-2.900739800053068751e-01
-4.170487567728243250e-01
-3.981569139000672997e-01
-1.795646217967665770e-01
-4.063483163567969680e-01
-2.672729870957227805e-01
-1.610847299651217701e-01
-4.263410821938334316e-01
-5.214953405707133394e-01
-1.555312490153993588e-01
-1.172805919090097043e-01
-3.141416465893432375e-01
-5.910300939868633474e-01
-8.360890065647562375e-02
-2.780365162342767205e-01
-2.742793749737491016e-01
3.855622998146131242e-02
-3.701094592066887096e-02
-3.518650966553030224e-01
1.465445719190101304e-01
-3.072585167948045926e-01
-1.261589405562398292e-01
-2.929220910387106414e-01
-3.607706656503419929e-01
-4.220094789086918652e-02
-1.834954910420418528e-01
-1.820399958425764353e-01
-1.969248832103045466e-01
-2.318210666922758678e-01
-3.897213268536491859e-01
-4.647194652166992679e-01
-1.837410042993495307e-01
-2.917579938842754239e-01
-1.357909109122373281e-01
-3.408133395284814182e-01
-2.796664611751008556e-01
-2.921039577594763403e-01
-1.712877229696190273e-01
-2.925043208002635620e-01
-1.575465357553550855e-02
-1.062644297694282786e-01
-2.198465483931699438e-01
-3.390670708610224460e-01
-3.441231140581402226e-01
-2.127179792796909941e-01
-5.447989957107045589e-01
-2.217209979848184243e-01
-2.258775170430944723e-01
-2.468961242771576803e-01
-1.860289481730088845e-01
-2.299579850558516603e-01
-2.011475842900025679e-01
-1.291242769772686372e-01
-2.858877435959142344e-01
-1.474074200119825095e-01
-2.638921044813153371e-01
-1.893853222020162042e-01
-4.572358564703962736e-01
-1.960218211684626455e-02
-6.800210586580087702e-01
-5.647287669411376471e-02
-2.868002014882527484e-01
-1.127296594755079900e-01
-2.085505482837921587e-01
-1.257476056869535896e-01
-1.063436479209522584e-01
-1.606656418929075791e-01
-2.701348673876455275e-01
-3.794589750521051852e-01
-5.309459017497505373e-01
-1.180611757304222686e-01
-2.947468054376108371e-01
-7.821363464724456760e-02
-2.975258975804438433e-01
-1.532983729294067898e-01
-3.526301901084485380e-01
-1.733786121139313519e-01
-3.320674982637233930e-01
-4.373859550265321583e-01
-1.877130905418578632e-01
-2.160176997939343979e-01
1.136790911859144552e-03
-2.111697580315532174e-01
-1.734445625617824505e-01
-3.192078026428846194e-01
-2.432907687882678860e-01
-2.418961633680269674e-01
-1.688452250989004311e-01
-2.809381824438154096e-01
-4.380862255321536503e-01
-1.981662766054046454e-01
-1.856065721326994600e-01
-2.203528727652346586e-01
-3.926675352528462004e-01
-2.783459165526167567e-01
-1.077093067602180182e-01
-2.658882998981044188e-01
-1.042374677329990507e-01
-2.044980693007631967e-01
-1.257812985956211771e-01
-2.551971176591789070e-01
-2.679416177527361165e-01
-9.656954180813051569e-02
-2.521090160023082283e-01
-3.659338830034650769e-01
-3.313895714851931573e-01
-2.020119613821455828e-01
-3.390447055468758242e-01
-2.607906229659749386e-01
9.870606626607257572e-02
-2.605427271016262369e-01
-2.298081342845000041e-01
-4.177185889258235862e-01
-2.717924624499240549e-01
-6.851338502144077580e-02
-1.699994998663766910e-01
-1.387959816250096678e-01
-2.165432547261757767e-01
-4.487310311171487376e-01
-2.841806541534805941e-01
-3.500881788762713609e-01
-2.528367102141443334e-01
-3.516988136693432465e-01
-2.680437515846023633e-01
-2.359170342547418642e-01
-3.032837272800443240e-01
-1.782463498134388979e-01
-9.850807188315111040e-02
-1.812004190586490593e-01
-2.395483957251611229e-01
-6.564574125870445420e-02
-2.224477142585816192e-01
-2.003525101982238654e-01
-1.163773974433109509e-01
-2.078195002555185411e-01
-1.444626624369323986e-01
-1.315613295865934174e-01
-2.070274092771142715e-01
-4.301483380010056590e-01
-8.502646081497677866e-02
-6.986344990923488985e-02
-4.772525316047481758e-01
-1.975874750196435770e-01
-4.520783407619187733e-01
-3.940946113210808677e-01
-3.618172553142149361e-01
-1.180598966485096463e-01
-4.398982393321596018e-01
-2.844173841582068873e-01
-1.647121363726951893e-01
-2.718580128128185169e-01
-3.090162058545065094e-01
-2.808881884176978039e-01
-1.414295761463855994e-01
-3.949273127998132460e-01
-1.479289202488446864e-01
-5.083421283371913901e-01
-2.171001767674448912e-01
-1.966171222890654990e-01
-1.318578674465201439e-01
-3.736934352420574479e-01
-1.861142749308703770e-01
-2.590918762490632132e-01
-1.818982549910360957e-01
-4.249740033291468100e-01
-3.641794469825568314e-01
-2.438313286681666470e-01
-3.195970351023530442e-01
-1.773885075899211683e-01
-2.634789453876154597e-01
-2.652656142204791734e-01
-1.821944093759529648e-01
-2.542627154437494541e-01
-4.105413076568718567e-01
-2.793086905335102621e-01
-2.291167251820196704e-01
-2.817756279269902908e-01
-3.136109783029933373e-01
-3.402425841910974857e-01
-2.877114074935901433e-01
-1.463093439141474605e-01
-3.244996232782089707e-01
-4.697434820579428627e-01
-2.497979340713367968e-01
-2.427822515888917732e-01
-3.961512809147887948e-01
-4.406603868989966699e-02
-1.963775493646646164e-01
-3.150539309372886176e-01
-2.289534624686301034e-01
-4.468675908174242206e-01
-1.861123242689490254e-01
-2.372710271277389538e-01
-5.434443861162147060e-02
-3.156576640452913862e-01
-3.677233397544728000e-01
-3.453929173792185670e-01
-3.212962990669752106e-01
-2.984993606322087212e-01
-2.663141848266815659e-01
-2.600228886793004568e-01
-4.142602961745515677e-01
-1.195748360834210655e-01
-3.390347869753794208e-01
-2.160609015521825216e-01
-2.356516945862719981e-01
-4.603043977185287683e-01
-3.936026261336356691e-01
-3.552878893506028479e-01
-1.647848575367082957e-01
-1.610903182224702745e-01
-1.994887247009350939e-01
-2.224257055555921292e-01
-2.362684175201718584e-01
-1.216342527514070321e-01
-2.207676463737348049e-01
-3.676702910672994262e-01
6.740943027876007687e-02
-1.572879979193289868e-01
-2.518359308330207491e-01
-3.684654070811613225e-01
-2.202781402426571555e-01
-5.820631163609627512e-01
-4.635036866664187238e-01
-3.383885012139427606e-01
-1.775601820998490565e-01
-4.275493815746105319e-01
-2.502269657710289863e-01
-7.086981336944807308e-02
-2.259474369776381664e-01
-3.091296614860904457e-01
-2.946181342484014976e-01
-3.498539318210949767e-01
-2.396002763211296793e-01
-1.521705094849793716e-01
-3.015283127808079389e-01
-9.484552759327541382e-02
-2.195052197019052853e-01
-2.146973216738753687e-01
-1.904056437534271673e-01
-2.094569084881729160e-01
-6.576492125061741967e-02
-2.125431355089408836e-01
-6.278611374759786035e-01
-1.429374751503936503e-01
-1.323155082862202403e-01
-2.127012907163434996e-01
-2.891101482516278409e-01
-2.611141748349811165e-01
-3.507013367413270299e-01
-2.442120588971454787e-01
-1.668509343655380228e-01
-4.083032951321480947e-02
-3.064562796001340517e-01
-2.370223509524166106e-01
-9.995474734061951527e-02
-4.096609798489975196e-01
-1.877293052746283053e-01
-4.040685632541159977e-01
-4.988167517693171127e-01
-3.038430519749275027e-01
-2.615713459810474761e-01
-1.903510023911865745e-01
-1.715489818498301677e-01
-7.684941244125167992e-02
-2.837416080546034669e-01
-4.230385252611677527e-01
-1.175929176454860448e-01
-3.890123733641528414e-01
-1.798334018026102876e-01
-2.896115682133330038e-01
-8.650187701341097157e-02
-3.729669859631946083e-01
-2.271692785287967586e-01
-2.473857174169263595e-01
-3.090342749181704263e-01
-9.509530704028852643e-02
-1.680847538449160850e-01
-3.984392737089957337e-01
-2.280927794951067011e-01
-2.978687555012914379e-01
-2.490427643814471237e-01
-2.940538261250307261e-01
-4.111372456651343765e-01
-1.022964633024799480e-01
-2.632397010415392091e-01
-3.846088862685358989e-01
-4.283613081829139579e-01
-3.984212674687928613e-01
-3.393654744728239470e-01
-2.032260418632988452e-01
-2.587129291587062507e-01
-2.184510461021891836e-01
-2.708917659778297682e-01
-2.092335952318006009e-01
-3.612560644891363304e-01
-1.855378488585340546e-01
-2.616876286263611906e-01
-3.709978194889885367e-02
-3.752444298368697306e-01
-2.635110896151131588e-01
-2.226187455051547581e-01
-2.136984097850192499e-01
-2.193484536100381577e-01
-2.685577853709616436e-01
-5.753913041445961607e-01
-3.564962332382257820e-02
-1.462954895752869300e-01
-2.613898525674678841e-01
-1.704191693914556549e-01
-1.505153363169220160e-01
-1.398425526089740745e-01
-9.688163550538973767e-02
-2.295710599588438872e-01
-2.620451353713900700e-01
-2.547729469906472866e-01
-3.364698467114750624e-01
-1.874387933573549714e-01
-1.140273217130531314e-01
-2.041696774147594706e-01
-9.680568349354480573e-02
-6.928575641542621122e-02
-3.578493229571036438e-01
-8.832124879496271175e-02
-2.124243055613103948e-01
-3.634223463246672448e-01
-2.674486461350765176e-01
-1.818839379261934230e-01
-2.858701678414952152e-01
-3.005576816466944412e-01
-1.913891521156783904e-01
-2.227580349536073812e-01
-1.872723829549305941e-01
-2.068095624018772005e-01
-1.842496800581702732e-01
-2.439893264806016482e-01
-2.478839304142908262e-01
-2.391323485062062104e-01
-2.268019242727096207e-01
-1.306999874622566393e-01
-3.962890998288631228e-01
-3.684943341634476233e-01
-1.318427185753291708e-01
-6.898240751651789349e-02
-2.874201601717676913e-02
-1.548743707188808549e-01
-6.316621529403531055e-01
-3.952906790215462984e-01
-1.737801455509388193e-01
-3.402161954165539015e-01
-3.448510280728441790e-01
-1.623316283315225927e-01
-5.204692333128454473e-01
-3.771698530772294999e-01
-2.442782788189571674e-01
-2.837529009254492474e-01
-3.410256556317803889e-01
-1.478806166967985558e-01
-3.496215661096115368e-01
-3.540010474001441532e-01
-3.109923863977381298e-01
-1.569637528124552261e-01
-3.726349817927825381e-01
-2.163604595728187141e-01
-2.488161324702273247e-01
-1.704296285496337271e-01
-2.509405250257339959e-01
-2.878158682147436420e-01
-1.783401448128399125e-01
-1.960632258800892869e-01
-1.737641499128235456e-01
-1.843354208038495423e-01
-1.804411877589036928e-01
-2.682134112344565779e-01
-4.724783759358799351e-01
-2.621083664630955989e-01
-2.439782571999336569e-01
-2.901019182615724445e-01
-3.024360560565528266e-01
-1.893852914181610170e-01
-1.329357094475794032e-01
-3.801487821542110651e-02
-2.225362176393698987e-01
-2.169304762537028197e-01
-2.662244338341187011e-01
-3.099082392512657047e-01
-1.092478186666966944e-01
-1.562837502900364939e-01
-1.575427903504214855e-01
-2.404006720240222869e-02
-5.322089199135668913e-01
-2.948898798242050590e-01
-2.967175255532172318e-01
-1.885008936202316743e-01
-3.152316970628826209e-01
-1.414527241407598501e-01
-2.228846189044534631e-01
-1.394978900092380572e-04
-2.378487271318763530e-01
-3.695962889608995217e-01
-2.608067438346253208e-01
-2.869926567846976528e-01
-5.350961560220070246e-02
-2.325395561623509744e-01
-4.069812579971180955e-01
-1.413501862743939963e-01
-1.303200644667584784e-01
-2.491347958813737440e-01
-2.234714062013793134e-01
-3.203394876519679024e-01
-1.555684805866393017e-01
-2.663787089850432888e-01
-1.609544754775964759e-01
-2.788215460264931167e-01
-3.230242402889144104e-01
-2.409889733577638415e-01
-4.034106025232803150e-02
-1.689924038513438906e-02
-1.952935020387749354e-01
-1.350647768204037980e-01
-4.614114831428823282e-01
-3.794255369096968256e-01
-2.066321342893121804e-01
-2.077853309738351417e-01
-2.916119116221987384e-01
-1.470043459840293942e-01
-1.762054059883485790e-01
-8.020970398888406516e-02
-2.068708828591618032e-01
-1.782262426160587665e-01
-2.283314607196123835e-01
-8.632081019782953486e-04
-9.853827125978571744e-02
-4.972946422173286640e-01
-1.918876823107758811e-01
-1.876054069125656157e-02
-1.947958451143901593e-01
-4.132989600006118924e-01
-2.594962113876090881e-01
-3.562114368645478701e-01
-1.741189725747029626e-01
-1.186478870588973944e-01
-2.246139354664075938e-01
-7.417628526795726207e-02
-3.813639508720647053e-01
-3.164767396989572323e-01
-1.238646731984097416e-01
-1.407223469171392793e-01
-2.058258522285923431e-01
-3.486313359649907961e-01
-1.855231011299068311e-01
-6.380578338045659326e-01
-3.218686808338829808e-01
-3.359600915583065700e-02
-2.438863036565787901e-01
-3.319865652181626658e-01
-3.008219637650506040e-01
-1.768921637286959836e-01
-2.036357106516514248e-01
-2.435368246793461477e-01
-2.317962469167811346e-01
-4.878941264347589485e-02
-2.490905086653272815e-01
-1.935586998875533093e-01
-3.295591967729336602e-01
-3.605030142969951057e-01
-2.227533890648479009e-01
-2.664362998967432783e-01
-8.987301484756125836e-02
-3.943249034381879348e-01
-1.952302210979555142e-01
1.448128102037177789e-01
-4.063141485723102964e-01
-3.812924664637381000e-01
-3.352385523056659600e-01
-2.037928086161699126e-01
-2.220647074879404104e-01
-2.358681090194877372e-01
-1.046303708245693437e-01
-9.009916281568504381e-02
-1.458420479941596182e-01
-4.369568144654023545e-01
-2.712884020997348711e-01
-1.010489724897304237e-01
-3.191259880149783235e-01
-2.449356752734382914e-01
-3.445200378151959675e-01
-1.480768611145282243e-01
-3.091842732234700297e-01
-1.723059585588473941e-01
-1.826732779307137788e-01
-1.442906149992968234e-01
-5.846634287635650573e-02
-1.219034129383168019e-01
-1.979824356548114672e-01
-2.828490682406567536e-01
-1.671902863818033047e-01
-4.933459364501644462e-01
-4.729979128291452173e-01
-3.790672963807105444e-02
-2.107026189826528006e-01
-3.081894379833944320e-01
-3.892694351380063256e-01
-2.514529572083988307e-01
-2.845131618663356843e-01
-7.386599644874686232e-02
-1.523911691128574109e-01
-4.721302725165623104e-01
-7.669390164382132447e-02
-3.888428176741764997e-02
-2.543148264480695753e-01
-4.400140827856364734e-01
-1.822407573268625403e-01
-3.023439755119038952e-01
-4.102435071215829732e-01
2.577943499571869537e-02
-1.390823512083062818e-01
-2.130058420468792513e-01
-5.484851918285496009e-01
-8.504356586680369978e-02
-1.945263286419165183e-01
-3.105389997333965479e-01
-1.419264605326541473e-01
-1.934002921017250187e-01
-3.555401960128616867e-01
-5.639188774960509493e-02
-3.303397442333600442e-01
-3.121726603441618217e-02
-3.573698116675795289e-01
-2.101783073256399403e-01
-1.103703957919739825e-01
-2.146004846553033196e-01
-1.258878959619211257e-01
-1.439184764761849145e-01
-3.981360854414354167e-01
-1.208263321471007706e-01
-3.042863353290751194e-01
-3.360794602107121110e-01
-2.675174355099470547e-01
-3.995509257643665713e-01
-1.283107157877975968e-01
-3.029517083168776215e-01
-3.007189305360244980e-01
-1.753966829565309637e-01
-1.447823652975725184e-01
-3.369305471667046747e-01
-1.721776579010866060e-01
-2.381010635584759894e-01
-3.890808206458241658e-01
-2.689439233335860213e-01
-2.623416812110566654e-01
-1.129759337922826429e-01
-4.680067279495789268e-01
-2.319950130687459533e-01
-1.569893804332641862e-01
-1.301639831964955529e-01
-3.528488576688165734e-01
-3.387139812921691195e-01
-1.456365363885266939e-01
-2.633881168736051936e-01
-9.321452481094232023e-02
-2.629902059304581874e-01
-2.455825006540898747e-01
-4.664212805558044794e-02
-4.340750363574465420e-01
-1.584822503580672060e-01
-1.037978829059337110e-01
-3.640595908842415573e-01
-2.068944068007150805e-01
-1.207606556181811397e-01
-2.243043096563451244e-01
-2.064036525297987257e-01
-8.012418289989681891e-03
-2.052616901784243553e-01
-2.218990741810204226e-01
-2.633776577977873790e-01
-1.425041356260864089e-01
-1.835703564166709656e-01
-4.363570315177536241e-01
-3.398355043566054223e-01
-2.375897857404801472e-01
-1.085435286088505397e-01
-3.872846860145938708e-01
-4.192692833214753945e-01
-3.734192897317703541e-01
-4.169743618068973978e-01
-1.857704333652118733e-01
-2.010764591156001257e-01
-1.143499617491367248e-01
-2.983898264537140355e-01
-2.337735284830224358e-01
-3.757382386026464349e-01
-2.391940871784308253e-01
-3.019950364157087952e-01
-3.176825399038167852e-01
-3.087288409586519400e-01
-1.137216443662194126e-01
-2.074349284231525592e-01
-2.006587424260129204e-01
9.174644215641946168e-03
-1.412865110739409957e-01
-3.161465924075223533e-01
-1.727001277645211774e-01
-2.317846829651356577e-01
-4.202239370484257552e-01
-1.780912871231781491e-01
-4.163031877722554452e-01
-2.809779365309074683e-01
-2.583705957813961507e-01
-2.709295117925714091e-01
-1.563934523604121607e-01
-3.624191977536841414e-01
-2.031273003873514948e-01
-1.998370001979176414e-01
-2.751595655153490361e-01
-2.138004848562546911e-01
-1.700732147104585534e-01
-2.789127695327144885e-01
-2.002491403690628557e-01
-1.509512683277529910e-01
-1.965357799175094788e-01
-3.382474664893685423e-01
-1.851086464802298714e-01
-8.584247492263166746e-02
-3.682481970769518886e-01
-4.868551996244006586e-01
-2.265605337223814963e-01
-8.801360700187950414e-02
-2.516469595242536439e-01
-2.263571728762357044e-02
-1.181993830978072535e-01
-2.565089691032335639e-01
-3.597653007941387093e-01
-4.605267260297640219e-01
-8.535386912470029064e-02
-2.316694251781128144e-01
-2.248455528920036139e-01
-3.081308926054717179e-01
-2.357822113650785145e-01
-1.421415608988854384e-01
-3.545564985864192442e-01
-3.032994899704741232e-01
-2.804450677192031893e-01
-2.859634387174718462e-02
-2.060294539118879553e-01
-1.282897009784288167e-01
-1.130211870414600250e-01
-2.443783332042250012e-01
-3.373162077097797695e-01
-4.277900833273520220e-01
-1.570546119215842085e-01
-1.469851556413639126e-01
-3.917260179610189685e-01
-2.549304544432523523e-01
-2.372473607085155700e-01
-3.142664814190625489e-01
-1.963094949709026094e-01
-2.600887126525178172e-01
-1.858832208951160803e-01
-1.869703193548011844e-01
-1.427274677950764736e-01
-1.926688299590768594e-01
-4.191587685950461384e-01
-1.518219458860700921e-01
-9.116412298753051591e-02
-3.366359244011902230e-01
-2.480189551846513907e-01
-1.859421309231073516e-01
-3.567531472922182423e-01
-1.710414821350045578e-01
-3.404875881361788537e-01
-2.769525765344080792e-01
-1.853685357579832327e-01
-2.969027621363490854e-01
-7.199740646226338026e-02
-2.219690133718869030e-01
-2.186861035367193840e-01
-3.590208879582599266e-01
-1.933391262034562796e-01
-2.166497797867809050e-01
-4.190231729837055052e-01
-9.503262895601123639e-02
-2.685561608611073958e-01
-5.117755029698205504e-01
-1.583909723371830780e-01
-3.299061976525061168e-01
-2.743735272097686528e-01
-1.932346388433198725e-01
-3.134693047414037204e-01
-3.041916319341843034e-01
-4.711267374241929207e-01
-1.038700531917680220e-01
-1.915480897846586206e-01
-2.055427630148774498e-01
-2.056785001589402362e-01
-1.983866460508537655e-01
-3.969081174495495690e-01
-1.929902630403483310e-01
-3.973516228397508954e-01
-1.888630503750118039e-01
-3.418783524079585523e-01
-2.435071557230007178e-01
-2.426749731660642340e-01
-1.652105000218096476e-01
-2.527999774325389026e-01
-2.745541696671691123e-01
-3.045835121251941890e-01
-1.897967010527245868e-01
-1.537068413798648170e-01
-2.549183359554901274e-01
-3.264492378595244548e-01
-1.493965726184524057e-01
-2.348249777859557352e-01
-2.035776325963276900e-01
-2.097623628152140152e-01
-2.241238019760069811e-01
-2.264844894295642563e-01
-2.803478915861414844e-01
-2.112437107343238807e-01
-3.069091892353879580e-01
-2.329054004116565824e-01
-1.447713040313439448e-01
-1.569797369716542657e-01
-2.297919300810362664e-01
-2.670611368801892871e-01
-2.214864718859292647e-01
-4.960073009753625251e-02
-7.458977843250302886e-02
-1.808134851155581146e-01
-8.675645416226097917e-02
-3.826986308090987721e-02
-4.752735240705676101e-01
-2.141144986650777571e-01
-3.586928926385454797e-01
-1.175320503472751660e-01
-2.014939477791105049e-01
-8.181251226961183676e-02
-3.277377010143392999e-01
-1.523720791835323218e-01
-1.556329923749404376e-01
-2.464423450104102076e-01
-3.039786851423034175e-01
-4.445171131642314255e-01
-3.120676119791435665e-01
-2.814502199865901444e-01
-1.800822374548170512e-01
-3.083325809906468651e-01
-1.165870351842034774e-01
-1.537366378759955909e-01
-1.185309456006978929e-01
-3.617897835169606724e-01
-3.868063302304399764e-01
-3.257778232947742270e-01
-5.440481910091845563e-01
-2.088220833120250086e-01
-2.327153568800086059e-01
-2.401128959862236789e-01
-2.165621401910552968e-01
-1.824603969537223480e-01
-4.502312027112340131e-01
-3.220493684310697380e-01
-2.399937497988125501e-01
-2.828798478457840715e-01
-4.519396492001994670e-01
-1.965683122523049220e-01
-5.081818287485787566e-01
-1.587025827889066987e-01
-1.844083790529305877e-01
-4.823719281722409491e-01
