1.876184706120193280e+00
-5.387663327678000602e-01
-3.572577677997202938e-01
4.263088945165483534e-01
2.675409843002948929e+00
3.287826619879542722e+00
6.076256143695035750e-01
2.991529796036727640e-01
7.406368180512403754e-01
5.187942306773812851e-01
4.404749940117011486e-01
9.154766085605302584e-01
1.205989104576516091e+00
-3.592559541816659485e-01
-1.426878298580254723e-01
4.967485693162465021e-01
-9.404201772895699751e-02
-3.950363489729077915e-02
2.375961915940030533e-01
-5.239873449046729414e-02
