-3.467259735612766326e-03
-1.473845324276153775e-03
-9.727791844363935713e-04
1.156921403569059889e-03
-2.575053719077252928e-03
1.479574912771484312e-04
1.421711157938485676e-04
5.212086928079489234e-04
-1.398423470062782736e-03
-7.559967767523153442e-03
-1.022371043231935263e-02
2.733069539399279337e-04
-2.165258191991814574e-03
-1.189519258128403411e-03
-1.044619526239380002e-04
-3.388593759165741304e-04
-5.800264365022890674e-03
-1.019798540821938160e-02
-5.122515797454461201e-03
-1.123714281391768356e-02
-3.280518244754847094e-03
-1.702991633056252091e-02
7.670045674634819698e-04
1.151154892493581796e-03
-2.829234552775620765e-03
5.508595394144782595e-04
-4.940925897015644580e-03
4.423775222483916506e-04
-8.396830300864476654e-03
-8.691458077914609656e-03
3.595150715196347539e-04
-7.970659873232158188e-03
-3.457031330569803468e-03
-2.531551993243227189e-03
-7.069162550428642264e-03
-1.470037172907685125e-03
-4.582460643961912446e-03
-1.091088382534893342e-03
-1.177748701481004696e-02
-1.496430629255014397e-02
-3.984996144756329517e-03
-3.083909236930024774e-03
6.199832754988762924e-05
-2.432996882656377965e-02
-1.383843382813436558e-02
-3.044782578443363304e-03
-1.261035093420954109e-03
-1.093151246744597949e-04
-8.258580190887177333e-03
-1.983182622883519937e-03
-7.641462149140691891e-03
-1.456566018043480839e-03
-6.264258026000958310e-03
9.834409211667931566e-04
-2.307970542306414866e-02
-1.326651071413559617e-03
-8.873758153178513963e-03
-4.189602420629255121e-03
-2.904081517729076387e-04
2.120659229768452093e-03
-3.936539456819053255e-03
-2.059461811860562562e-03
-7.112330426097585208e-03
-1.721416556043565927e-03
6.507309187163728330e-05
-6.202221003418326335e-03
-4.860327718021546957e-03
-6.591335528946090302e-03
1.286684074894801693e-03
-4.178757564106651105e-03
-1.745285010839652754e-04
-2.499154845733454148e-03
-1.034216615606189634e-03
-2.462634252713230987e-03
-2.450083287460396667e-03
5.532042557030397538e-04
-9.212899032318680806e-03
-1.061191551829887038e-02
-4.150459366507386512e-03
-2.157824254191746238e-03
-1.723131611989514329e-03
-7.994600909048833748e-03
-2.177113063643740590e-02
-1.748996170687280990e-03
-2.865930350786944237e-04
-9.045696671358246978e-04
-9.786558457832264177e-03
1.724191169321856313e-04
-6.703206014349787599e-03
-4.480254957730962599e-03
-9.537899599328228395e-03
-1.267440813221940889e-02
-6.509793216529816910e-04
-1.176536374003688641e-03
-8.913067835708762821e-03
-7.319828014386617343e-03
-1.693857204876345274e-03
-1.227518612311330687e-03
-1.404555779070983459e-02
3.060663358305210188e-04
1.465948283351140415e-03
-4.898760875445702309e-03
7.692153630414535212e-04
-3.881188121188489625e-03
-5.416970925700866774e-03
-6.378506209977105081e-03
-2.061849884821887607e-02
7.060597811128838846e-04
-5.664532744942521632e-04
-8.049920085532736832e-04
-6.315329911549511822e-03
-1.361747056627519905e-03
-8.240359054114167192e-03
-7.636413997767388558e-03
-1.258642387850108938e-03
-9.233511607302019239e-03
-3.651399984625671412e-03
-5.408423525462537291e-04
-1.544044316788589777e-03
-2.805582603285343077e-02
-2.619466635001833866e-04
-1.427754560664980764e-02
-5.294243105743767818e-04
-6.906356443331393077e-03
-3.600926998934491502e-03
-2.315976074153639364e-03
-1.490343183629889816e-02
-9.860040429167146736e-03
-1.134570029030575189e-02
-3.060713060792953633e-03
-2.330377573338581539e-04
-4.583009765922105988e-03
-2.855965389612744650e-03
3.069072171092884814e-04
-1.308451434144630157e-03
-4.580865554874946274e-03
-1.924849554952498543e-02
-5.653505423109394384e-03
-3.720284693436237602e-03
-1.528203910253124725e-03
5.268346137047132463e-04
-4.816735297203119694e-03
-5.420710938055192142e-04
-1.421234253610988672e-02
-9.621061148833937125e-04
-2.777056408291401525e-03
-1.803958035020079538e-03
-2.615257642720552732e-03
-1.228548501201691574e-03
-8.296044526949018902e-05
1.712801001679318917e-03
-2.237762908884159685e-03
-2.656263099735743823e-03
-1.242516211583813077e-02
-2.443599475907991259e-03
-4.039966093028436386e-03
4.705665672015565092e-04
-2.206832581350010817e-03
4.319796474511783694e-04
-4.799487405722854469e-03
-3.702286838224607291e-03
-7.529975973154592883e-03
-8.788868359436857042e-03
-1.339484475387291325e-02
-1.741073672555792928e-02
-6.143342829460864997e-04
-1.521334716002073657e-03
-2.031301418169002577e-03
-1.361706030837545045e-03
-2.817029863953387971e-03
-1.288521509971575973e-03
-2.497726509041310432e-04
-6.488966986367975670e-03
-2.865689863230230609e-03
1.145960594042484730e-04
-2.216458606469359077e-02
1.663030148929219021e-03
-6.184138472575517178e-04
-3.656652941991821604e-03
-8.412833420677890946e-04
-3.581012560623949778e-03
-5.038098834607156358e-03
-2.848272607484161282e-03
7.517097278882484091e-04
-2.460756827527247389e-03
-8.118589424399911105e-04
-9.747351705684265816e-04
-9.600121752185596449e-03
-1.466312875236523228e-03
-3.120737238020916725e-04
-2.243197438783399531e-03
-3.700036613774084805e-03
-4.891087849473546535e-04
-5.244147876443237431e-04
8.172386884692815550e-04
8.225252691695982346e-04
-5.824691863008932442e-03
-1.472312964059980210e-03
-5.739573894373863581e-03
1.560122803628789323e-03
-1.760647687593824492e-02
-3.988265898103148660e-03
4.827222766008072447e-04
-7.501226265326029971e-03
-3.785992931912440188e-03
-7.287581843286571872e-05
-1.073182606747621545e-03
-1.207124112851848050e-02
-2.132916783718746909e-03
-2.830637540146584575e-03
-2.160105535799601573e-03
-3.482220380838535901e-03
1.293401471826358161e-03
-2.852996278582895472e-03
-3.114301412193395610e-03
-1.647414784519312834e-03
6.599007186629088535e-04
-1.147212378929791422e-02
-5.963658912938841865e-03
-9.976199779791415298e-03
7.690910902665516790e-04
-6.986739941956334604e-03
3.016633278075728903e-04
-1.085402923305412229e-03
-9.797296132632067264e-03
-1.215974666534480478e-03
-1.055584873606864836e-03
-1.056400534840047775e-03
2.330336595612934967e-03
1.307629396673871090e-03
-2.426030219370915557e-03
-3.149748466841170605e-04
-4.245160624947771910e-03
-1.998717622640563789e-03
1.303882013104995302e-03
-1.394420943701008865e-02
-1.289855200788422515e-02
-5.707988186372318614e-04
-2.399004911828286261e-04
-3.697834984229790654e-03
-3.664921395844643326e-02
5.912509168541239596e-04
-1.713100137677080192e-03
-5.427936444036647254e-04
-2.849133788033531879e-03
-7.614663655985799348e-03
-1.794612480656329742e-03
-1.135970287986293355e-02
-1.151974781349982165e-03
3.258333786539146289e-04
-5.520726667389846617e-03
-4.191249006658172467e-03
-1.056356365022104692e-02
3.747251236691700256e-04
8.939151766749080024e-04
-1.822920077963742459e-03
-1.026364292770683877e-03
-1.047447151994404871e-02
-1.254675641321811213e-03
4.232873107439425690e-04
-1.629525246144049658e-02
-2.972476826031976264e-03
-6.323141611328027267e-03
-2.386321845774661519e-03
-8.851060436532373621e-04
-2.719359884021812970e-03
-8.727968803084204183e-03
-3.979482140186461404e-04
