-6.185558473215932440e-02
-2.810687144373089780e-02
-5.664957124819843676e-02
-7.231740001852580979e-02
-6.593383650355415238e-02
-6.287774638404763916e-02
-6.142342721514438414e-02
-4.211837685522818592e-02
-3.711012546717705474e-02
-6.469733817316265789e-02
-7.858475146783765880e-03
-8.529410286936741151e-03
-8.019432240785816235e-02
-4.842199050394914439e-02
-5.050455287742165039e-02
-3.552513308104908452e-02
-9.121582609964908051e-03
-1.784720054105177339e-02
-7.332881908685602579e-02
-3.756248997459105121e-02
-9.140643648684072808e-02
-4.287045652671319512e-02
-3.898528871521090428e-02
-1.557992845464321353e-02
-9.765520662381835248e-02
-1.438583954636696305e-01
-5.828818527691938950e-02
-6.050342240984982883e-02
-4.924963282991220992e-02
-1.350669401958649318e-01
-2.571866581547087652e-02
-5.804368772564968276e-02
-5.400852767523812992e-02
-8.357080755793443172e-02
-3.875694634530996857e-02
-1.439277432972322669e-02
-6.705521342378893690e-02
-7.773732761916525569e-02
-5.840940175942588991e-02
-9.059783278992304678e-02
-2.565914464571699902e-02
-8.759015278863259077e-03
-3.242475826684301787e-02
-1.690900541900718784e-02
6.870986514547892943e-03
-6.287111773811746018e-02
-2.041379173310159043e-02
-2.460394130034443405e-01
-1.144540352849734120e-02
-4.687765131874228192e-02
-4.758380428337635054e-02
-7.312567342338870124e-02
-8.139110922642238399e-02
-1.016803638680876948e-01
-5.827134987395104354e-02
-7.526614886508851965e-02
-8.777006764529923788e-02
-6.268624835470869294e-02
-4.710654509701286963e-02
-8.581134294979561594e-02
-1.027807127442836518e-02
-2.268664321160305045e-02
-1.784089373478575102e-01
-1.450591204521498867e-01
-3.840267041285592292e-02
-2.844884157285025583e-02
-2.683168836321177253e-02
-4.097751249729353340e-02
-1.238681364941708885e-01
-2.461304356088022186e-02
-8.235319714324734752e-02
-5.774433234076694482e-02
-3.828303974801546689e-02
-7.653899370292124860e-02
-5.951296116232207556e-02
-1.833927460727722419e-02
-1.423535068255741068e-02
-5.818840222465459372e-02
-6.204847279331370674e-02
-8.364110527963036779e-02
-5.525373095663837358e-02
-8.076066756521925460e-02
-5.656233216556728893e-02
-1.341066014454496413e-02
-1.045602961491124555e-01
-2.758053432675309363e-02
-5.888234919789992437e-03
-3.593484476645188164e-02
-7.220173123141418459e-02
-6.679934522724959023e-02
-9.284628406980401094e-02
-1.018950623955547641e-01
-1.048070711813564593e-02
-3.184370231045868804e-02
-3.591731674766646815e-02
-2.220639782061510983e-02
-5.605033897208972632e-02
-3.897730490126075087e-02
-2.044329041698358246e-02
-2.071808809280785077e-02
-1.268853308293224347e-01
-4.591749208884154249e-02
-1.735365462871567635e-02
-2.674115048889746243e-02
-8.983196856855359125e-02
-3.276741650639019426e-02
-5.404201265303112262e-02
-7.394391405949160556e-02
-4.875829611635042193e-02
-4.210594941654831336e-02
-4.235994043858990615e-02
-1.138208766778819880e-01
-1.811982483393529686e-01
-2.446785665569893228e-02
-4.626225075743024828e-02
-1.570894157340265796e-03
-6.174703565659919735e-02
-3.200623606273240995e-02
-5.007334175219717992e-02
-9.394395959944137897e-03
-4.957775109811762143e-02
-8.081903865689063493e-02
-2.289129377122815084e-02
-3.037342503311587366e-02
-7.469116495559541269e-02
-8.088818791716416434e-02
-1.257451960915615397e-01
-1.078654309360292662e-01
3.285469077191643331e-03
-4.184273491007788753e-02
-8.680905545376216281e-02
-9.313045836139477451e-02
-3.014079796718602614e-02
-6.482531958396360594e-02
-5.464109306964606144e-02
-6.418754021027685275e-02
-3.041488547010769844e-02
-8.576460691114214108e-02
-3.376321644868663513e-02
-1.609588891913745629e-02
-4.208274579891919942e-02
-1.191758044138288043e-02
-1.798465261920934380e-02
-3.660161494773716412e-02
-6.837617330452090691e-02
-1.664147087805192132e-02
-5.367231241743478098e-02
-7.432414455170516243e-02
-5.228474064121951120e-03
-3.848487877144018271e-02
-1.572425442422175149e-02
-1.552150458828140123e-02
-4.958473869797661027e-02
-3.860740863516537447e-02
-3.673513838533599279e-02
-2.424033908623775616e-02
-3.044649450439021465e-02
-3.045513157748151040e-02
-7.718636818697414970e-02
-1.968427345774699522e-01
-6.744310697479674599e-02
-3.901810107641688879e-03
-4.484657747765111863e-02
-4.966740355145961988e-02
-4.366236072775488142e-02
-9.162450164520957729e-02
-1.590922877488783194e-02
-3.257076861331451023e-02
-1.083483046429792179e-01
-4.599882124031480501e-02
-1.117334898189076969e-02
-4.633197435897564581e-02
-4.333575225340430964e-02
-1.841715390550757378e-02
-8.089115932260880493e-02
-3.211751053934958078e-02
-2.361410388467864024e-02
-9.278089873597493431e-02
-5.205484870495882127e-02
-7.674797658229079445e-03
-1.250544678974829793e-01
-1.394204663629018404e-01
-1.912453850518341242e-02
-2.778802008602018758e-02
-1.097335590844636388e-01
-4.215435558141854278e-02
-8.959729064300497869e-02
-5.887515419093958952e-02
-5.382097551278643838e-02
-1.112524546207489112e-01
-5.444707314926048453e-02
-1.062634808124657826e-01
-8.074841972196898643e-02
-6.976940290910239872e-02
-3.636203019180414553e-02
-1.009279800635246999e-01
-3.908375783955222310e-02
-6.541257967297084419e-02
-7.479936876712500737e-03
-5.269215287429190528e-03
-1.699019059808013626e-02
-5.111319824586599975e-02
-2.431157036788225700e-02
-9.677187435752221401e-02
-3.825394327204215128e-02
-4.807293545816810482e-02
-6.053783127937252539e-02
-1.099182269521390282e-01
-7.523755632570293395e-02
-2.457528199150241927e-02
-3.534673814770518396e-02
-5.660260547881076909e-02
-7.962642527091069733e-02
-3.791580608531718022e-02
-4.019938511317584090e-02
-1.069555549820896262e-01
-1.279319907758309782e-01
-6.989423145272012639e-02
-3.915568427279158409e-02
-1.108315320780059732e-01
-5.226634503193350323e-02
-7.855897366236305746e-02
-3.870069629094260305e-02
-5.177001677479824843e-02
-4.334023252513567043e-02
-4.206302118998054423e-02
-7.103244291828342619e-03
-4.303765845648045707e-02
-3.346646108247230272e-02
-1.738257250333097303e-02
-2.953669232527968147e-02
-1.014372685814070654e-02
-3.831319071732699338e-02
-7.135704908374092270e-02
-9.399363900814244888e-02
