8.261875510215759277e-01
8.163270950317382812e-01
7.809238433837890625e-01
7.363026142120361328e-01
7.923421859741210938e-01
7.875800132751464844e-01
8.022519350051879883e-01
7.412913441658020020e-01
5.632452368736267090e-01
7.109600901603698730e-01
8.965744376182556152e-01
8.001320362091064453e-01
7.361419796943664551e-01
6.248261332511901855e-01
6.956570744514465332e-01
5.807024240493774414e-01
6.116172671318054199e-01
5.844454765319824219e-01
6.434643268585205078e-01
7.123891115188598633e-01
5.861340761184692383e-01
6.816302537918090820e-01
8.552533984184265137e-01
6.275961399078369141e-01
6.502734422683715820e-01
4.993687868118286133e-01
8.847791552543640137e-01
7.294226288795471191e-01
6.470198631286621094e-01
7.391436696052551270e-01
7.611357569694519043e-01
8.178554773330688477e-01
7.857874035835266113e-01
8.218517303466796875e-01
8.119404315948486328e-01
8.562174439430236816e-01
6.723808050155639648e-01
6.483326554298400879e-01
7.491648793220520020e-01
8.812162876129150391e-01
8.359267711639404297e-01
7.082216739654541016e-01
7.106696963310241699e-01
7.999658584594726562e-01
7.062697410583496094e-01
8.245782256126403809e-01
6.092586517333984375e-01
7.160221934318542480e-01
8.540267944335937500e-01
8.731290102005004883e-01
6.430093050003051758e-01
7.553736567497253418e-01
7.839001417160034180e-01
6.455073952674865723e-01
7.365617752075195312e-01
8.222968578338623047e-01
7.073605656623840332e-01
6.088146567344665527e-01
7.965312004089355469e-01
7.902609705924987793e-01
7.918970584869384766e-01
7.150681614875793457e-01
8.803014159202575684e-01
8.211905956268310547e-01
6.819551587104797363e-01
8.206818103790283203e-01
6.576296091079711914e-01
8.137533068656921387e-01
7.503642439842224121e-01
7.439647316932678223e-01
7.798279523849487305e-01
7.107751369476318359e-01
8.114377856254577637e-01
5.962415337562561035e-01
7.335519790649414062e-01
7.924999594688415527e-01
8.623295426368713379e-01
7.082972526550292969e-01
9.290608167648315430e-01
6.688373684883117676e-01
5.795694589614868164e-01
7.998617291450500488e-01
6.532150506973266602e-01
8.449320793151855469e-01
6.785275340080261230e-01
7.976471781730651855e-01
8.944596052169799805e-01
7.351306080818176270e-01
9.104814529418945312e-01
6.820306777954101562e-01
6.802532076835632324e-01
6.214339733123779297e-01
7.529730796813964844e-01
7.549022436141967773e-01
8.006420135498046875e-01
4.892593920230865479e-01
7.044324278831481934e-01
7.833521962165832520e-01
7.857339382171630859e-01
8.564291000366210938e-01
5.321599841117858887e-01
5.048271417617797852e-01
7.314381003379821777e-01
6.895229220390319824e-01
7.957800626754760742e-01
8.921259641647338867e-01
6.924190521240234375e-01
8.810601830482482910e-01
7.159781455993652344e-01
6.312019824981689453e-01
6.457630395889282227e-01
5.585426688194274902e-01
5.860605239868164062e-01
8.017389774322509766e-01
7.616387605667114258e-01
7.437775731086730957e-01
6.412565112113952637e-01
7.632221579551696777e-01
8.867181539535522461e-01
5.872638821601867676e-01
8.232869505882263184e-01
6.939392089843750000e-01
7.673146724700927734e-01
8.605721592903137207e-01
8.478704690933227539e-01
6.483309864997863770e-01
7.779886722564697266e-01
5.126155614852905273e-01
8.131428956985473633e-01
5.778580904006958008e-01
8.084160685539245605e-01
8.126534223556518555e-01
8.420445919036865234e-01
7.453395128250122070e-01
5.998443365097045898e-01
6.653191447257995605e-01
6.747057437896728516e-01
5.660003423690795898e-01
6.950529813766479492e-01
6.482058763504028320e-01
7.330263257026672363e-01
6.651932001113891602e-01
7.628554105758666992e-01
8.568709492683410645e-01
7.810616493225097656e-01
6.421916484832763672e-01
9.268837571144104004e-01
7.224438786506652832e-01
8.185397386550903320e-01
5.245695710182189941e-01
5.730778574943542480e-01
7.034026980400085449e-01
7.301349639892578125e-01
6.884599328041076660e-01
7.249089479446411133e-01
9.263073205947875977e-01
6.102344989776611328e-01
7.488299608230590820e-01
6.714449524879455566e-01
7.880069613456726074e-01
7.289006710052490234e-01
8.002912402153015137e-01
7.293305397033691406e-01
8.795784115791320801e-01
3.977681100368499756e-01
6.596530675888061523e-01
7.413630485534667969e-01
7.938011884689331055e-01
5.877236127853393555e-01
7.221148610115051270e-01
7.573546767234802246e-01
8.410297036170959473e-01
6.836606264114379883e-01
6.660460829734802246e-01
6.654721498489379883e-01
6.937049627304077148e-01
7.609096169471740723e-01
8.735124468803405762e-01
7.193983793258666992e-01
6.495997309684753418e-01
6.084466576576232910e-01
6.710986495018005371e-01
7.776573896408081055e-01
6.493375301361083984e-01
5.259169936180114746e-01
6.382431387901306152e-01
7.428373694419860840e-01
9.029305577278137207e-01
6.343631744384765625e-01
6.668660640716552734e-01
6.386525034904479980e-01
6.029583215713500977e-01
7.452542185783386230e-01
8.098350167274475098e-01
5.485688447952270508e-01
6.914677023887634277e-01
6.262238621711730957e-01
8.764220476150512695e-01
7.793586254119873047e-01
7.462552785873413086e-01
6.577604413032531738e-01
8.914877176284790039e-01
5.607962608337402344e-01
7.500068545341491699e-01
7.307217121124267578e-01
7.945624589920043945e-01
8.114779591560363770e-01
8.885424733161926270e-01
5.812978148460388184e-01
7.670918107032775879e-01
9.069037437438964844e-01
7.295438647270202637e-01
8.571231365203857422e-01
6.771774291992187500e-01
8.011912107467651367e-01
5.496934652328491211e-01
6.990401148796081543e-01
7.196699380874633789e-01
7.317659258842468262e-01
8.320976495742797852e-01
7.187231779098510742e-01
7.128215432167053223e-01
6.935762166976928711e-01
8.176603317260742188e-01
8.906176686286926270e-01
6.765093803405761719e-01
8.228523731231689453e-01
8.833637237548828125e-01
7.824451327323913574e-01
8.082337379455566406e-01
6.912466287612915039e-01
8.404586315155029297e-01
7.677951455116271973e-01
7.628130912780761719e-01
7.738819122314453125e-01
9.299261569976806641e-01
7.154150009155273438e-01
6.907860040664672852e-01
6.370231509208679199e-01
7.791649699211120605e-01
5.962682366371154785e-01
4.724663496017456055e-01
5.846257209777832031e-01
7.512383460998535156e-01
5.850345492362976074e-01
6.118956208229064941e-01
8.989834189414978027e-01
8.399896621704101562e-01
7.232194542884826660e-01
7.575996518135070801e-01
7.324188947677612305e-01
7.645651102066040039e-01
6.579445004463195801e-01
8.237889409065246582e-01
6.921959519386291504e-01
7.767717838287353516e-01
7.058115005493164062e-01
7.078180313110351562e-01
7.085484862327575684e-01
7.122797966003417969e-01
7.592414021492004395e-01
8.776858448982238770e-01
7.307937741279602051e-01
6.922442317008972168e-01
8.203159570693969727e-01
8.763610720634460449e-01
5.705915093421936035e-01
7.705288529396057129e-01
6.873594522476196289e-01
6.243156194686889648e-01
7.886478900909423828e-01
6.240718364715576172e-01
8.189449310302734375e-01
7.719718813896179199e-01
7.544263005256652832e-01
8.174057006835937500e-01
8.745963573455810547e-01
7.177509069442749023e-01
6.733978390693664551e-01
9.349671006202697754e-01
8.916874527931213379e-01
6.707768440246582031e-01
6.850780844688415527e-01
7.857524752616882324e-01
6.575292944908142090e-01
8.304963111877441406e-01
7.587394118309020996e-01
7.195093631744384766e-01
7.675223350524902344e-01
6.608653664588928223e-01
8.272782564163208008e-01
8.582615256309509277e-01
6.800283789634704590e-01
7.884379029273986816e-01
5.982391834259033203e-01
5.891122221946716309e-01
7.329139113426208496e-01
5.195112824440002441e-01
6.027371883392333984e-01
7.947126030921936035e-01
6.859641671180725098e-01
5.943608283996582031e-01
6.242395043373107910e-01
7.502267956733703613e-01
8.403903245925903320e-01
6.028697490692138672e-01
7.246714234352111816e-01
7.165404558181762695e-01
5.077825188636779785e-01
6.967195868492126465e-01
8.251609802246093750e-01
7.936745882034301758e-01
8.471808433532714844e-01
8.550229072570800781e-01
7.553116083145141602e-01
6.681490540504455566e-01
7.972574234008789062e-01
6.455510258674621582e-01
8.036177158355712891e-01
8.259803652763366699e-01
5.591627955436706543e-01
7.199235558509826660e-01
8.607385158538818359e-01
8.517503738403320312e-01
7.698382735252380371e-01
6.791042089462280273e-01
8.607214689254760742e-01
7.860530018806457520e-01
5.978114604949951172e-01
7.819564938545227051e-01
8.871636390686035156e-01
7.559358477592468262e-01
7.001860141754150391e-01
6.248274445533752441e-01
6.789597868919372559e-01
6.007369160652160645e-01
6.916049718856811523e-01
7.006455063819885254e-01
7.635915279388427734e-01
5.347288250923156738e-01
7.339553833007812500e-01
8.008129000663757324e-01
5.691858530044555664e-01
7.245584726333618164e-01
7.928092479705810547e-01
7.174131870269775391e-01
6.976484060287475586e-01
7.391327619552612305e-01
7.104078531265258789e-01
5.865807533264160156e-01
7.650184035301208496e-01
6.600989103317260742e-01
6.108006238937377930e-01
6.193925738334655762e-01
7.628791928291320801e-01
8.195778727531433105e-01
7.032408118247985840e-01
7.411118745803833008e-01
5.978448987007141113e-01
5.668522119522094727e-01
6.994475126266479492e-01
8.276125192642211914e-01
7.880327105522155762e-01
7.240369915962219238e-01
9.059107303619384766e-01
8.406938910484313965e-01
7.869036197662353516e-01
9.000804424285888672e-01
6.996455192565917969e-01
6.895360350608825684e-01
7.235719561576843262e-01
7.708103656768798828e-01
7.266675829887390137e-01
6.342518925666809082e-01
5.739378929138183594e-01
7.026169300079345703e-01
8.191215395927429199e-01
7.554761767387390137e-01
8.371723890304565430e-01
6.047702431678771973e-01
7.168386578559875488e-01
5.977367162704467773e-01
9.001517295837402344e-01
6.314063072204589844e-01
6.467745304107666016e-01
6.635661721229553223e-01
7.029204964637756348e-01
7.707380056381225586e-01
8.122746348381042480e-01
8.167208433151245117e-01
5.565882325172424316e-01
7.760571837425231934e-01
6.275930404663085938e-01
7.194471359252929688e-01
7.589327096939086914e-01
7.644799947738647461e-01
5.892454981803894043e-01
8.239989876747131348e-01
8.734686374664306641e-01
8.776006102561950684e-01
8.305462002754211426e-01
7.573305368423461914e-01
5.710541605949401855e-01
6.573098301887512207e-01
7.240017056465148926e-01
7.010595798492431641e-01
8.207187652587890625e-01
6.547421216964721680e-01
4.820808470249176025e-01
6.178426742553710938e-01
8.811055421829223633e-01
9.035820364952087402e-01
6.751176714897155762e-01
6.984585523605346680e-01
7.831309437751770020e-01
8.099633455276489258e-01
6.768696308135986328e-01
7.691079378128051758e-01
6.968084573745727539e-01
5.759139657020568848e-01
8.463941812515258789e-01
8.394224047660827637e-01
8.681324720382690430e-01
7.982285618782043457e-01
7.582489848136901855e-01
6.566135287284851074e-01
6.608117222785949707e-01
5.672034025192260742e-01
7.804388403892517090e-01
7.010214924812316895e-01
6.260731816291809082e-01
7.353962063789367676e-01
7.386659383773803711e-01
7.599844336509704590e-01
5.538331270217895508e-01
7.366842627525329590e-01
7.556086778640747070e-01
8.037344813346862793e-01
7.562685608863830566e-01
8.461753129959106445e-01
7.383168339729309082e-01
8.325946927070617676e-01
6.159157156944274902e-01
9.077304005622863770e-01
5.796223878860473633e-01
7.596741914749145508e-01
7.966005802154541016e-01
7.242965698242187500e-01
5.391847491264343262e-01
6.997410058975219727e-01
7.112792730331420898e-01
8.752987384796142578e-01
6.553432345390319824e-01
6.854359507560729980e-01
8.426499962806701660e-01
8.738800883293151855e-01
6.055853366851806641e-01
7.552179098129272461e-01
7.949342131614685059e-01
7.006900906562805176e-01
6.982312798500061035e-01
7.327893376350402832e-01
7.250726819038391113e-01
8.678172230720520020e-01
4.985164105892181396e-01
7.626212239265441895e-01
7.053489685058593750e-01
6.077824831008911133e-01
7.368702292442321777e-01
5.460328459739685059e-01
6.148328185081481934e-01
8.046950101852416992e-01
7.751356959342956543e-01
7.340085506439208984e-01
8.310956954956054688e-01
7.415229082107543945e-01
6.400666236877441406e-01
8.287803530693054199e-01
6.636999845504760742e-01
5.661716461181640625e-01
5.937985777854919434e-01
7.891206741333007812e-01
8.080801963806152344e-01
7.195044159889221191e-01
8.239548802375793457e-01
5.625990033149719238e-01
7.440142631530761719e-01
7.767543196678161621e-01
7.430269718170166016e-01
7.680454254150390625e-01
5.927458405494689941e-01
5.396660566329956055e-01
5.524156093597412109e-01
7.695075869560241699e-01
6.315929889678955078e-01
5.800576210021972656e-01
6.442650556564331055e-01
8.123366236686706543e-01
6.872577667236328125e-01
8.109984993934631348e-01
6.932791471481323242e-01
8.572426438331604004e-01
8.747400045394897461e-01
6.781874299049377441e-01
6.912986040115356445e-01
9.056997895240783691e-01
7.643281221389770508e-01
7.842085361480712891e-01
7.740414738655090332e-01
5.136988162994384766e-01
5.009426474571228027e-01
6.516605019569396973e-01
6.222286224365234375e-01
6.571868658065795898e-01
8.131175041198730469e-01
5.706650614738464355e-01
8.389662504196166992e-01
8.284240961074829102e-01
7.331442236900329590e-01
7.391140460968017578e-01
7.540666460990905762e-01
6.558489203453063965e-01
6.255154013633728027e-01
7.480297088623046875e-01
8.599839806556701660e-01
7.048326730728149414e-01
4.511649310588836670e-01
7.708287835121154785e-01
6.817207932472229004e-01
8.018282055854797363e-01
7.656332850456237793e-01
7.089049816131591797e-01
7.614480853080749512e-01
7.710032463073730469e-01
6.822717785835266113e-01
8.333342671394348145e-01
6.926600337028503418e-01
5.821532607078552246e-01
7.294186949729919434e-01
7.071238756179809570e-01
6.822062730789184570e-01
7.384847402572631836e-01
8.083794116973876953e-01
6.388734579086303711e-01
8.123554587364196777e-01
6.594606041908264160e-01
5.432466268539428711e-01
6.111377477645874023e-01
7.637311220169067383e-01
5.939885377883911133e-01
7.730963230133056641e-01
8.472218513488769531e-01
7.856135368347167969e-01
7.081600427627563477e-01
6.907051205635070801e-01
7.703642249107360840e-01
7.386537194252014160e-01
8.144195675849914551e-01
6.510366201400756836e-01
7.583415508270263672e-01
8.723341226577758789e-01
9.013120532035827637e-01
6.070232391357421875e-01
6.140521168708801270e-01
8.393932580947875977e-01
8.593670129776000977e-01
7.429788112640380859e-01
6.964974999427795410e-01
4.555790424346923828e-01
7.871919870376586914e-01
6.773962974548339844e-01
7.998974919319152832e-01
8.484458923339843750e-01
7.791348695755004883e-01
8.878328204154968262e-01
8.072276115417480469e-01
7.419388890266418457e-01
8.335340619087219238e-01
7.070378065109252930e-01
7.665113210678100586e-01
5.510064363479614258e-01
6.108299493789672852e-01
7.506990432739257812e-01
6.498428583145141602e-01
6.981112957000732422e-01
6.274566650390625000e-01
8.400872945785522461e-01
7.258439660072326660e-01
7.670770883560180664e-01
8.033800721168518066e-01
6.747645735740661621e-01
6.677750349044799805e-01
6.267665624618530273e-01
8.700741529464721680e-01
7.007275819778442383e-01
6.794917583465576172e-01
6.974714994430541992e-01
7.954666018486022949e-01
6.937817335128784180e-01
7.101959586143493652e-01
8.540874719619750977e-01
5.830600261688232422e-01
8.491404652595520020e-01
7.874125838279724121e-01
7.261964678764343262e-01
7.225922942161560059e-01
7.409978508949279785e-01
6.270964145660400391e-01
6.147946119308471680e-01
6.223999857902526855e-01
7.598580121994018555e-01
8.307697176933288574e-01
5.905416011810302734e-01
6.481771469116210938e-01
9.005733728408813477e-01
8.565106391906738281e-01
6.395814418792724609e-01
8.957384824752807617e-01
4.909766912460327148e-01
8.672351241111755371e-01
8.497738838195800781e-01
7.636539936065673828e-01
6.145680546760559082e-01
8.258801698684692383e-01
6.428054571151733398e-01
7.304298281669616699e-01
8.543772697448730469e-01
6.878585219383239746e-01
8.560096025466918945e-01
7.602394223213195801e-01
7.291745543479919434e-01
6.871933341026306152e-01
6.834341287612915039e-01
6.204587817192077637e-01
8.597282767295837402e-01
7.794968485832214355e-01
9.043430089950561523e-01
8.915156722068786621e-01
8.037528991699218750e-01
5.616400837898254395e-01
8.654071092605590820e-01
8.025591373443603516e-01
7.758388519287109375e-01
7.120516896247863770e-01
5.874810218811035156e-01
5.057017803192138672e-01
6.745244860649108887e-01
7.648923993110656738e-01
7.717238664627075195e-01
8.640922904014587402e-01
8.906532526016235352e-01
8.795592188835144043e-01
6.702543497085571289e-01
8.668673038482666016e-01
6.306923031806945801e-01
6.753289103507995605e-01
6.707436442375183105e-01
7.049595713615417480e-01
6.938449144363403320e-01
6.154367327690124512e-01
7.268939614295959473e-01
8.030355572700500488e-01
7.525984644889831543e-01
7.716942429542541504e-01
6.762472391128540039e-01
8.597416281700134277e-01
5.441283583641052246e-01
6.996399164199829102e-01
6.852474808692932129e-01
6.074004769325256348e-01
8.354302048683166504e-01
7.973654270172119141e-01
6.121446490287780762e-01
6.164744496345520020e-01
7.530751228332519531e-01
7.421647906303405762e-01
5.442200899124145508e-01
7.358396649360656738e-01
6.970041990280151367e-01
6.320097446441650391e-01
7.667409181594848633e-01
6.755982041358947754e-01
8.606125712394714355e-01
7.445842027664184570e-01
7.324345111846923828e-01
8.590864539146423340e-01
7.356764078140258789e-01
6.977730989456176758e-01
7.385721802711486816e-01
6.367875933647155762e-01
6.445572376251220703e-01
6.595256328582763672e-01
8.630766272544860840e-01
8.985517024993896484e-01
6.578146815299987793e-01
5.301336646080017090e-01
6.697394251823425293e-01
7.325232028961181641e-01
7.604293823242187500e-01
6.651725172996520996e-01
7.820600867271423340e-01
8.720266222953796387e-01
7.354800105094909668e-01
6.761832833290100098e-01
6.538482904434204102e-01
7.072200179100036621e-01
6.348762512207031250e-01
8.929152488708496094e-01
8.122488856315612793e-01
5.292543768882751465e-01
6.404497623443603516e-01
5.287177562713623047e-01
6.274583339691162109e-01
8.707559108734130859e-01
7.766891121864318848e-01
7.759863734245300293e-01
7.071424722671508789e-01
6.344174146652221680e-01
6.139364242553710938e-01
8.937925100326538086e-01
5.087946057319641113e-01
5.445322394371032715e-01
7.638930678367614746e-01
6.689544320106506348e-01
7.180397510528564453e-01
8.507458567619323730e-01
7.781332135200500488e-01
8.549776077270507812e-01
7.439332008361816406e-01
7.834987640380859375e-01
6.380823254585266113e-01
5.145531892776489258e-01
6.409766674041748047e-01
8.381036520004272461e-01
7.281996607780456543e-01
6.726994514465332031e-01
5.373940467834472656e-01
6.813233494758605957e-01
6.564059257507324219e-01
7.993112206459045410e-01
8.080227971076965332e-01
6.241835355758666992e-01
7.802642583847045898e-01
5.621653199195861816e-01
6.946609616279602051e-01
8.300386667251586914e-01
7.064707279205322266e-01
6.449669599533081055e-01
5.635944604873657227e-01
8.363745808601379395e-01
7.648319602012634277e-01
8.397860527038574219e-01
7.140449285507202148e-01
6.026782989501953125e-01
7.987375855445861816e-01
7.536246180534362793e-01
8.572965860366821289e-01
6.659016013145446777e-01
6.429243087768554688e-01
7.982653975486755371e-01
7.538306713104248047e-01
7.881249189376831055e-01
5.725205540657043457e-01
5.651286840438842773e-01
5.961489677429199219e-01
8.480499386787414551e-01
8.362751007080078125e-01
6.515837311744689941e-01
7.807288169860839844e-01
6.978757381439208984e-01
8.339695930480957031e-01
6.344906091690063477e-01
7.073693275451660156e-01
6.966564059257507324e-01
7.762115597724914551e-01
6.752517223358154297e-01
7.258022427558898926e-01
7.359376549720764160e-01
4.952839910984039307e-01
6.479820609092712402e-01
8.091738820075988770e-01
7.262377738952636719e-01
8.027481436729431152e-01
8.639802932739257812e-01
7.781082987785339355e-01
7.124955058097839355e-01
6.819756627082824707e-01
6.435214281082153320e-01
6.945198774337768555e-01
7.039795517921447754e-01
7.174617052078247070e-01
5.976827740669250488e-01
5.722378492355346680e-01
7.799547910690307617e-01
7.628735899925231934e-01
7.666950225830078125e-01
7.734363675117492676e-01
8.516924381256103516e-01
6.138817667961120605e-01
7.177370786666870117e-01
7.916279435157775879e-01
6.330763697624206543e-01
8.602417111396789551e-01
8.361476063728332520e-01
7.393028140068054199e-01
7.626945376396179199e-01
8.791359066963195801e-01
7.701809406280517578e-01
7.738417983055114746e-01
6.463478803634643555e-01
7.097806930541992188e-01
8.917635083198547363e-01
6.180442571640014648e-01
8.086142539978027344e-01
8.780397176742553711e-01
8.555534482002258301e-01
7.573941349983215332e-01
6.477656364440917969e-01
8.226391077041625977e-01
8.017886877059936523e-01
6.168939471244812012e-01
8.478249311447143555e-01
6.490870118141174316e-01
8.686073422431945801e-01
7.611994147300720215e-01
5.898677110671997070e-01
7.881242632865905762e-01
7.058461904525756836e-01
6.414972543716430664e-01
6.127646565437316895e-01
8.356359004974365234e-01
6.947461962699890137e-01
7.397190332412719727e-01
8.137007355690002441e-01
7.055248022079467773e-01
6.045517921447753906e-01
6.575245857238769531e-01
7.176963090896606445e-01
7.965632677078247070e-01
