8.021237850189208984e-01
8.093129992485046387e-01
5.471209287643432617e-01
1.598341584205627441e+00
7.633354067802429199e-01
8.209659457206726074e-01
4.885821938514709473e-01
5.716900229454040527e-01
4.370759725570678711e-01
4.284613132476806641e-01
5.885609388351440430e-01
4.961546659469604492e-01
4.909796118736267090e-01
8.590644001960754395e-01
1.488567352294921875e+00
5.138959884643554688e-01
8.317551612854003906e-01
3.547827899456024170e-01
1.232690334320068359e+00
6.633046269416809082e-01
7.431962490081787109e-01
1.542150020599365234e+00
9.028009176254272461e-01
