6.665413379669189453e-01
6.987144351005554199e-01
4.401645064353942871e-01
1.029952526092529297e+00
1.528746008872985840e+00
7.040612697601318359e-01
7.561994791030883789e-01
4.134140014648437500e-01
4.654424190521240234e-01
3.553481698036193848e-01
3.457011878490447998e-01
5.690269470214843750e-01
4.362535476684570312e-01
3.983440697193145752e-01
1.302304744720458984e+00
7.511113286018371582e-01
1.392730951309204102e+00
1.577002406120300293e+00
1.733910918235778809e+00
3.996942341327667236e-01
7.827676534652709961e-01
2.983011007308959961e-01
1.061764121055603027e+00
5.161899924278259277e-01
5.886740088462829590e-01
1.350194931030273438e+00
6.003721952438354492e-01
