7.504990696907043457e-01
7.553561329841613770e-01
7.500650286674499512e-01
6.609717607498168945e-01
7.896822094917297363e-01
6.514530181884765625e-01
7.177785634994506836e-01
7.413032650947570801e-01
7.165660858154296875e-01
9.644986987113952637e-01
8.042672276496887207e-01
6.126091480255126953e-01
6.868035197257995605e-01
8.387758135795593262e-01
6.826465725898742676e-01
7.518983483314514160e-01
8.251491189002990723e-01
5.205949544906616211e-01
6.066883802413940430e-01
7.817589640617370605e-01
7.102699875831604004e-01
8.205876350402832031e-01
7.797842025756835938e-01
8.347815871238708496e-01
7.669304013252258301e-01
7.698715925216674805e-01
7.831552624702453613e-01
8.196700811386108398e-01
7.589570283889770508e-01
9.444050192832946777e-01
6.837287545204162598e-01
5.843526721000671387e-01
7.530490159988403320e-01
8.233770728111267090e-01
7.434061765670776367e-01
7.773500084877014160e-01
7.863910198211669922e-01
6.648111343383789062e-01
6.827182173728942871e-01
6.271023154258728027e-01
7.076947689056396484e-01
8.175053596496582031e-01
1.066790938377380371e+00
5.704098939895629883e-01
6.967265605926513672e-01
7.125632762908935547e-01
7.744238376617431641e-01
8.511027693748474121e-01
8.511505722999572754e-01
7.694547176361083984e-01
8.720631599426269531e-01
5.432538986206054688e-01
6.797351241111755371e-01
8.619377017021179199e-01
7.571164965629577637e-01
6.155728697776794434e-01
7.176173329353332520e-01
6.427440643310546875e-01
6.556647419929504395e-01
7.825536727905273438e-01
7.252270579338073730e-01
6.907221674919128418e-01
8.542520999908447266e-01
6.798444390296936035e-01
7.085230946540832520e-01
8.190998435020446777e-01
9.010393023490905762e-01
8.437142372131347656e-01
7.616291642189025879e-01
7.684738636016845703e-01
7.468608021736145020e-01
6.723191738128662109e-01
6.488455533981323242e-01
6.542829871177673340e-01
6.895666718482971191e-01
6.509221792221069336e-01
7.963384389877319336e-01
7.688109874725341797e-01
8.566673994064331055e-01
7.746406197547912598e-01
7.613692283630371094e-01
8.501594066619873047e-01
7.260466814041137695e-01
7.685253024101257324e-01
8.096290826797485352e-01
7.970358729362487793e-01
7.525402307510375977e-01
7.000738382339477539e-01
7.789858579635620117e-01
7.687026858329772949e-01
8.157731890678405762e-01
5.881372094154357910e-01
9.184405207633972168e-01
7.626117467880249023e-01
7.947380542755126953e-01
7.361068725585937500e-01
6.570122838020324707e-01
7.087104916572570801e-01
6.935819983482360840e-01
7.398949265480041504e-01
6.538140773773193359e-01
7.603195905685424805e-01
7.520087957382202148e-01
7.726572751998901367e-01
6.743716597557067871e-01
8.812265396118164062e-01
7.982205748558044434e-01
8.135402202606201172e-01
7.773437500000000000e-01
8.746614456176757812e-01
7.504912018775939941e-01
7.087203264236450195e-01
7.705410718917846680e-01
8.175930380821228027e-01
7.942695617675781250e-01
6.418870091438293457e-01
6.461588144302368164e-01
7.400748729705810547e-01
9.850772023200988770e-01
7.456545233726501465e-01
8.529387712478637695e-01
8.293541669845581055e-01
5.970206856727600098e-01
5.965822935104370117e-01
7.901676297187805176e-01
6.889266967773437500e-01
6.872245669364929199e-01
7.766806483268737793e-01
7.094678282737731934e-01
7.886892557144165039e-01
7.576172947883605957e-01
7.784727215766906738e-01
8.608148097991943359e-01
9.106045961380004883e-01
7.699302434921264648e-01
7.278699874877929688e-01
7.483385205268859863e-01
8.693944215774536133e-01
6.102452874183654785e-01
7.509052753448486328e-01
7.739540934562683105e-01
7.686246037483215332e-01
1.187581896781921387e+00
6.674854159355163574e-01
8.896961808204650879e-01
7.385546565055847168e-01
7.485646605491638184e-01
8.119576573371887207e-01
7.220971584320068359e-01
7.813063263893127441e-01
8.731660246849060059e-01
8.244679570198059082e-01
1.055384993553161621e+00
7.078502178192138672e-01
5.664930939674377441e-01
7.942284345626831055e-01
6.472783684730529785e-01
7.043123841285705566e-01
7.942907214164733887e-01
7.773526906967163086e-01
8.428694605827331543e-01
8.366304636001586914e-01
7.865750193595886230e-01
8.366680741310119629e-01
7.731576561927795410e-01
7.721251845359802246e-01
7.961956858634948730e-01
7.824231982231140137e-01
7.456779479980468750e-01
6.563162803649902344e-01
6.446200609207153320e-01
8.301296234130859375e-01
6.152548789978027344e-01
7.437543272972106934e-01
8.327686190605163574e-01
9.508080482482910156e-01
8.146913051605224609e-01
8.288796544075012207e-01
6.961411833763122559e-01
7.606024742126464844e-01
7.655717730522155762e-01
7.822829484939575195e-01
6.970232129096984863e-01
6.014186143875122070e-01
5.786431431770324707e-01
5.971666574478149414e-01
7.694057226181030273e-01
6.940792202949523926e-01
8.747290968894958496e-01
7.563844919204711914e-01
7.665330171585083008e-01
7.470877170562744141e-01
7.527844905853271484e-01
7.014383077621459961e-01
8.116069436073303223e-01
7.110013365745544434e-01
7.776302695274353027e-01
9.130609035491943359e-01
6.089682579040527344e-01
8.838449120521545410e-01
7.190210819244384766e-01
8.121061325073242188e-01
8.092018961906433105e-01
7.594165802001953125e-01
7.345877885818481445e-01
7.576526999473571777e-01
6.910398006439208984e-01
5.864384770393371582e-01
6.679338216781616211e-01
8.739229440689086914e-01
6.790067553520202637e-01
7.463436722755432129e-01
8.477883934974670410e-01
7.351857423782348633e-01
6.507633924484252930e-01
8.017498254776000977e-01
7.813958525657653809e-01
1.068408966064453125e+00
6.960091590881347656e-01
8.808891773223876953e-01
7.387723922729492188e-01
6.342769861221313477e-01
7.435730099678039551e-01
8.092312812805175781e-01
6.506145596504211426e-01
6.296127438545227051e-01
6.788362860679626465e-01
8.241981863975524902e-01
8.078334331512451172e-01
7.060137391090393066e-01
9.303713440895080566e-01
7.559499740600585938e-01
7.048819065093994141e-01
6.790538430213928223e-01
7.139201760292053223e-01
7.632927298545837402e-01
8.653978705406188965e-01
8.668739199638366699e-01
9.085372686386108398e-01
7.433691620826721191e-01
7.584655880928039551e-01
8.212013244628906250e-01
6.101508736610412598e-01
8.687148690223693848e-01
5.971375107765197754e-01
7.784842252731323242e-01
9.281229376792907715e-01
7.107598781585693359e-01
6.658178567886352539e-01
7.404074072837829590e-01
7.001360654830932617e-01
7.195030450820922852e-01
8.699693083763122559e-01
7.912577390670776367e-01
7.675899267196655273e-01
7.602739930152893066e-01
8.397113680839538574e-01
7.971612215042114258e-01
8.107740283012390137e-01
6.279565095901489258e-01
1.435517907142639160e+00
9.928176403045654297e-01
8.775941729545593262e-01
6.500973105430603027e-01
7.810148596763610840e-01
5.982938408851623535e-01
7.691614627838134766e-01
8.821793198585510254e-01
7.640969753265380859e-01
7.273497581481933594e-01
7.303753495216369629e-01
6.302499771118164062e-01
7.095058560371398926e-01
5.692890882492065430e-01
6.466551423072814941e-01
7.665441036224365234e-01
6.527686715126037598e-01
7.151700258255004883e-01
7.261031866073608398e-01
7.527410984039306641e-01
7.359131574630737305e-01
7.598023414611816406e-01
7.983759641647338867e-01
7.311803698539733887e-01
6.524686217308044434e-01
7.672356963157653809e-01
7.598868012428283691e-01
6.232554316520690918e-01
7.195475101470947266e-01
7.941371202468872070e-01
8.058083057403564453e-01
1.024094343185424805e+00
8.179477453231811523e-01
6.548112034797668457e-01
7.108621001243591309e-01
8.533323407173156738e-01
5.517459511756896973e-01
7.655919194221496582e-01
6.817256808280944824e-01
7.908033728599548340e-01
7.604051828384399414e-01
7.340036034584045410e-01
6.504647135734558105e-01
8.926355838775634766e-01
7.597854733467102051e-01
7.961658239364624023e-01
7.129421830177307129e-01
7.357938289642333984e-01
7.321435809135437012e-01
8.947011232376098633e-01
8.404830694198608398e-01
7.792990207672119141e-01
7.053945660591125488e-01
6.947437524795532227e-01
5.928695797920227051e-01
6.367825269699096680e-01
7.321661114692687988e-01
7.785057425498962402e-01
6.735329031944274902e-01
8.325105309486389160e-01
5.800644159317016602e-01
6.237180233001708984e-01
7.586460113525390625e-01
7.841886878013610840e-01
8.368203639984130859e-01
7.287496924400329590e-01
7.133211493492126465e-01
8.531521558761596680e-01
6.729992628097534180e-01
7.329949736595153809e-01
7.232125401496887207e-01
7.388572692871093750e-01
6.798718571662902832e-01
7.979004383087158203e-01
6.900205612182617188e-01
6.899675130844116211e-01
5.550750494003295898e-01
7.910416722297668457e-01
7.260753512382507324e-01
6.455795764923095703e-01
8.332071304321289062e-01
6.950466632843017578e-01
7.191477417945861816e-01
7.923060059547424316e-01
5.861096978187561035e-01
7.727969884872436523e-01
8.095470666885375977e-01
7.086712121963500977e-01
7.645072340965270996e-01
7.889322042465209961e-01
7.960917353630065918e-01
8.759983181953430176e-01
6.204663515090942383e-01
8.502430319786071777e-01
7.954161763191223145e-01
7.827729582786560059e-01
7.693662643432617188e-01
7.194786071777343750e-01
7.830721735954284668e-01
7.878446578979492188e-01
1.091784238815307617e+00
7.017214298248291016e-01
8.483529686927795410e-01
7.205228805541992188e-01
7.146174311637878418e-01
8.289535641670227051e-01
8.284389376640319824e-01
9.363796710968017578e-01
8.025338053703308105e-01
6.970610618591308594e-01
6.593136191368103027e-01
7.904103994369506836e-01
6.307823657989501953e-01
8.097109794616699219e-01
7.281790375709533691e-01
7.537585496902465820e-01
8.397392034530639648e-01
6.596773266792297363e-01
9.317731857299804688e-01
7.967464327812194824e-01
6.323993206024169922e-01
6.631408333778381348e-01
7.933678627014160156e-01
8.162618279457092285e-01
6.176648139953613281e-01
7.437656521797180176e-01
7.545232772827148438e-01
7.467247247695922852e-01
5.944090485572814941e-01
7.097831368446350098e-01
7.734880447387695312e-01
6.883512735366821289e-01
9.436298012733459473e-01
8.412966132164001465e-01
5.576146841049194336e-01
7.126109600067138672e-01
8.321679234504699707e-01
6.834630966186523438e-01
8.010522127151489258e-01
7.572518587112426758e-01
8.587172031402587891e-01
7.520338296890258789e-01
8.109359145164489746e-01
7.652981877326965332e-01
7.599380016326904297e-01
8.501983880996704102e-01
7.395026087760925293e-01
7.262893915176391602e-01
1.059853076934814453e+00
6.624574065208435059e-01
8.083477616310119629e-01
7.483488917350769043e-01
7.469599246978759766e-01
7.322237491607666016e-01
8.164530992507934570e-01
8.154469728469848633e-01
7.098000645637512207e-01
7.701321840286254883e-01
8.621677756309509277e-01
8.181704878807067871e-01
6.869073510169982910e-01
7.494390010833740234e-01
6.723217964172363281e-01
6.837928891181945801e-01
6.796922683715820312e-01
8.453953862190246582e-01
7.127595543861389160e-01
7.245044708251953125e-01
6.892337799072265625e-01
7.872425913810729980e-01
8.692926168441772461e-01
6.820064187049865723e-01
7.765308022499084473e-01
7.878996729850769043e-01
8.046880364418029785e-01
5.979096889495849609e-01
6.755037903785705566e-01
6.794085502624511719e-01
7.333308458328247070e-01
6.164127588272094727e-01
8.273270130157470703e-01
7.678535580635070801e-01
9.036582112312316895e-01
8.296917676925659180e-01
9.005588293075561523e-01
8.249671459197998047e-01
8.637521266937255859e-01
7.214179635047912598e-01
7.391276955604553223e-01
6.196717023849487305e-01
6.942019462585449219e-01
6.149762868881225586e-01
7.293526530265808105e-01
6.848461031913757324e-01
8.127424716949462891e-01
8.003960251808166504e-01
7.275443673133850098e-01
5.752054452896118164e-01
7.890664935111999512e-01
8.894387483596801758e-01
7.855644226074218750e-01
7.724744677543640137e-01
7.833979129791259766e-01
7.331720590591430664e-01
8.351523876190185547e-01
8.478448390960693359e-01
7.215248346328735352e-01
6.141105890274047852e-01
6.656676530838012695e-01
9.633060693740844727e-01
8.873266577720642090e-01
8.708442449569702148e-01
7.134231328964233398e-01
8.956410884857177734e-01
7.787172794342041016e-01
8.159346580505371094e-01
7.030758857727050781e-01
6.705777049064636230e-01
7.007805109024047852e-01
7.824329137802124023e-01
8.633764386177062988e-01
8.487032651901245117e-01
8.524546027183532715e-01
7.580795884132385254e-01
6.550583839416503906e-01
7.227378487586975098e-01
6.878985166549682617e-01
7.281881570816040039e-01
7.874543070793151855e-01
7.584689259529113770e-01
7.472547888755798340e-01
1.005541682243347168e+00
5.870538353919982910e-01
8.695389628410339355e-01
6.374612450599670410e-01
6.355469822883605957e-01
7.229815721511840820e-01
8.286349177360534668e-01
7.496891617774963379e-01
8.355363607406616211e-01
7.364510893821716309e-01
7.445707917213439941e-01
9.123296737670898438e-01
6.893035173416137695e-01
7.794320583343505859e-01
5.360232591629028320e-01
7.235789299011230469e-01
7.444502115249633789e-01
8.110975623130798340e-01
7.021236419677734375e-01
6.470276117324829102e-01
7.211692333221435547e-01
7.223468422889709473e-01
9.643633365631103516e-01
6.825236082077026367e-01
7.308344244956970215e-01
7.809566259384155273e-01
6.615079641342163086e-01
8.608192205429077148e-01
9.065090417861938477e-01
8.616405725479125977e-01
8.420869112014770508e-01
7.089054584503173828e-01
1.026169896125793457e+00
7.942386269569396973e-01
7.408816218376159668e-01
7.881420850753784180e-01
7.615113854408264160e-01
7.067429423332214355e-01
7.555018663406372070e-01
7.617613077163696289e-01
8.320788741111755371e-01
6.849147677421569824e-01
7.391245365142822266e-01
7.447270154953002930e-01
6.001520156860351562e-01
8.141390681266784668e-01
7.151876688003540039e-01
8.802707791328430176e-01
6.269342899322509766e-01
7.175800204277038574e-01
6.471537351608276367e-01
5.957448482513427734e-01
7.122436165809631348e-01
7.787478566169738770e-01
7.080081105232238770e-01
6.980752348899841309e-01
1.026658535003662109e+00
8.666206598281860352e-01
7.555207610130310059e-01
5.749770402908325195e-01
7.040486931800842285e-01
8.689548373222351074e-01
7.006499171257019043e-01
5.999276041984558105e-01
9.522710442543029785e-01
7.344669103622436523e-01
6.706904768943786621e-01
8.133247494697570801e-01
7.276242375373840332e-01
7.540185451507568359e-01
7.892147898674011230e-01
6.829880475997924805e-01
1.347129225730895996e+00
7.301453948020935059e-01
6.629425287246704102e-01
7.103698849678039551e-01
7.121551036834716797e-01
8.124366998672485352e-01
8.930067420005798340e-01
6.606803536415100098e-01
7.510283589363098145e-01
8.848575353622436523e-01
6.400666832923889160e-01
7.846022844314575195e-01
9.597610235214233398e-01
7.398614287376403809e-01
5.663149356842041016e-01
7.727983593940734863e-01
8.517726063728332520e-01
7.641195058822631836e-01
7.780324220657348633e-01
8.025475740432739258e-01
7.600871324539184570e-01
6.864434480667114258e-01
6.614118814468383789e-01
8.308866024017333984e-01
7.158209085464477539e-01
6.537711620330810547e-01
7.980508804321289062e-01
7.414239048957824707e-01
8.212711811065673828e-01
8.110166788101196289e-01
9.568513631820678711e-01
7.698176503181457520e-01
9.945454597473144531e-01
9.521528482437133789e-01
8.092916011810302734e-01
8.095808625221252441e-01
8.437489271163940430e-01
6.690457463264465332e-01
8.002539873123168945e-01
7.706404924392700195e-01
7.409336566925048828e-01
6.566217541694641113e-01
8.591493964195251465e-01
8.475689291954040527e-01
6.776738166809082031e-01
6.581312417984008789e-01
7.037911415100097656e-01
6.813589930534362793e-01
6.499850153923034668e-01
8.296129107475280762e-01
8.083131909370422363e-01
8.263889551162719727e-01
8.182939291000366211e-01
7.112500667572021484e-01
5.198776125907897949e-01
7.542042732238769531e-01
8.540856838226318359e-01
7.602210044860839844e-01
7.611840963363647461e-01
9.674991965293884277e-01
8.339770436286926270e-01
6.981589794158935547e-01
8.146577477455139160e-01
7.031285166740417480e-01
7.040901184082031250e-01
7.916667461395263672e-01
7.499455809593200684e-01
6.984579563140869141e-01
7.653912305831909180e-01
8.697696328163146973e-01
8.054235577583312988e-01
8.903283476829528809e-01
8.275384902954101562e-01
8.329586982727050781e-01
7.553672790527343750e-01
7.601959705352783203e-01
8.226286172866821289e-01
7.313154935836791992e-01
8.409506082534790039e-01
6.967189311981201172e-01
7.815919518470764160e-01
7.287045121192932129e-01
5.859501361846923828e-01
5.003674030303955078e-01
7.944918274879455566e-01
7.836745381355285645e-01
7.674509286880493164e-01
7.787326574325561523e-01
7.067450881004333496e-01
8.047033548355102539e-01
6.584001183509826660e-01
7.777183651924133301e-01
8.627731204032897949e-01
8.497549891471862793e-01
7.868639230728149414e-01
8.246494531631469727e-01
7.396136522293090820e-01
6.381589174270629883e-01
6.190012693405151367e-01
7.400009632110595703e-01
7.553042173385620117e-01
9.233061075210571289e-01
7.031558156013488770e-01
9.090560078620910645e-01
7.164266705513000488e-01
8.539985418319702148e-01
7.317013144493103027e-01
6.581630706787109375e-01
6.809137463569641113e-01
8.585985302925109863e-01
6.612602472305297852e-01
8.040608763694763184e-01
5.531185269355773926e-01
6.635431647300720215e-01
7.000034451484680176e-01
7.719590663909912109e-01
7.725984454154968262e-01
7.625229358673095703e-01
9.863720536231994629e-01
7.594357132911682129e-01
7.965977191925048828e-01
6.728736758232116699e-01
6.854125261306762695e-01
7.926946282386779785e-01
6.470263004302978516e-01
6.774609088897705078e-01
7.228826284408569336e-01
6.950628161430358887e-01
8.253481984138488770e-01
7.460125684738159180e-01
6.542520523071289062e-01
7.285805344581604004e-01
9.744229316711425781e-01
8.545004725456237793e-01
7.587327957153320312e-01
8.237238526344299316e-01
8.179337978363037109e-01
7.748275995254516602e-01
7.447534799575805664e-01
8.307898044586181641e-01
7.470319271087646484e-01
8.198786973953247070e-01
8.459624648094177246e-01
8.009540438652038574e-01
9.310353398323059082e-01
8.149744868278503418e-01
7.565633058547973633e-01
9.212279915809631348e-01
7.169361710548400879e-01
7.195415496826171875e-01
5.125243663787841797e-01
7.490834593772888184e-01
7.153533697128295898e-01
6.559372544288635254e-01
7.483863830566406250e-01
6.408751010894775391e-01
6.634754538536071777e-01
7.381468415260314941e-01
8.389615416526794434e-01
6.176264882087707520e-01
7.766689062118530273e-01
8.602656126022338867e-01
7.840414643287658691e-01
6.035448312759399414e-01
9.313483834266662598e-01
5.712304711341857910e-01
7.830815315246582031e-01
6.569042801856994629e-01
8.253892660140991211e-01
9.008942246437072754e-01
6.054964661598205566e-01
6.237515211105346680e-01
6.253866553306579590e-01
8.757121562957763672e-01
8.046291470527648926e-01
6.857401728630065918e-01
5.852555036544799805e-01
9.547708034515380859e-01
7.521637082099914551e-01
7.436874508857727051e-01
5.982866883277893066e-01
7.221598625183105469e-01
7.496792078018188477e-01
6.780023574829101562e-01
7.545158863067626953e-01
7.137482166290283203e-01
6.754370331764221191e-01
7.693052887916564941e-01
8.411595225334167480e-01
8.048297166824340820e-01
7.579165697097778320e-01
7.604909539222717285e-01
8.754723668098449707e-01
7.045823931694030762e-01
8.490846157073974609e-01
8.581179976463317871e-01
7.056791186332702637e-01
8.214436173439025879e-01
5.589345097541809082e-01
6.038791537284851074e-01
6.786216497421264648e-01
8.111798167228698730e-01
7.088260650634765625e-01
7.658318281173706055e-01
7.331277728080749512e-01
9.085925817489624023e-01
7.538545727729797363e-01
7.653655409812927246e-01
9.924440383911132812e-01
7.959240674972534180e-01
7.235980033874511719e-01
7.662043571472167969e-01
6.594647765159606934e-01
5.982495546340942383e-01
7.083430886268615723e-01
7.640473842620849609e-01
5.991754531860351562e-01
8.206236958503723145e-01
8.516779541969299316e-01
6.680716276168823242e-01
9.171053767204284668e-01
7.521086335182189941e-01
7.227846980094909668e-01
7.222443222999572754e-01
7.929943203926086426e-01
7.722433209419250488e-01
7.728399038314819336e-01
7.797267436981201172e-01
7.227907776832580566e-01
8.662789463996887207e-01
6.867674589157104492e-01
8.174396753311157227e-01
6.743144989013671875e-01
9.631762504577636719e-01
7.448320984840393066e-01
8.015221953392028809e-01
7.960294485092163086e-01
5.782200098037719727e-01
5.656514763832092285e-01
7.031828761100769043e-01
7.340350151062011719e-01
6.948681473731994629e-01
6.604957580566406250e-01
8.307966589927673340e-01
7.946016788482666016e-01
7.586733102798461914e-01
8.984376192092895508e-01
7.750858068466186523e-01
7.937243580818176270e-01
7.425161004066467285e-01
6.523485183715820312e-01
8.302394151687622070e-01
6.939218044281005859e-01
7.311842441558837891e-01
6.473994255065917969e-01
8.043251633644104004e-01
6.967268586158752441e-01
6.471140980720520020e-01
7.990181446075439453e-01
8.447565436363220215e-01
8.076246976852416992e-01
9.597394466400146484e-01
6.552215218544006348e-01
8.534172773361206055e-01
8.098455667495727539e-01
6.326776742935180664e-01
7.387101054191589355e-01
5.927057266235351562e-01
7.596656084060668945e-01
6.361684203147888184e-01
7.638899683952331543e-01
8.865885138511657715e-01
7.467893362045288086e-01
6.804388761520385742e-01
6.680964827537536621e-01
7.300438880920410156e-01
6.987133026123046875e-01
7.929208874702453613e-01
5.128539204597473145e-01
6.533586978912353516e-01
7.230926156044006348e-01
1.024504065513610840e+00
8.439056277275085449e-01
8.886793255805969238e-01
8.267521262168884277e-01
7.544120550155639648e-01
7.148786783218383789e-01
7.505497336387634277e-01
6.377235054969787598e-01
7.048567533493041992e-01
6.350570917129516602e-01
8.074497580528259277e-01
6.672735810279846191e-01
6.832482218742370605e-01
8.197481036186218262e-01
8.100477457046508789e-01
6.998124718666076660e-01
6.225972771644592285e-01
8.256239295005798340e-01
9.598584175109863281e-01
6.478381156921386719e-01
9.203357696533203125e-01
7.656587958335876465e-01
8.213279843330383301e-01
7.247229814529418945e-01
8.321605920791625977e-01
6.799703240394592285e-01
7.416074872016906738e-01
6.568282842636108398e-01
7.612849473953247070e-01
7.091282010078430176e-01
8.103699088096618652e-01
7.007645368576049805e-01
9.330502748489379883e-01
7.155219912528991699e-01
9.889841079711914062e-01
8.500810861587524414e-01
7.703158259391784668e-01
9.151448011398315430e-01
8.384067416191101074e-01
7.655844092369079590e-01
6.481406688690185547e-01
7.924278378486633301e-01
7.038868069648742676e-01
7.241703271865844727e-01
5.270621776580810547e-01
8.913890123367309570e-01
7.418396472930908203e-01
8.457614183425903320e-01
6.916386485099792480e-01
7.926160097122192383e-01
8.436923027038574219e-01
7.219277620315551758e-01
7.329423427581787109e-01
6.929906010627746582e-01
6.467181444168090820e-01
7.556698322296142578e-01
8.752953410148620605e-01
7.171499729156494141e-01
6.993753314018249512e-01
6.845072507858276367e-01
8.423414230346679688e-01
8.199262022972106934e-01
7.732561230659484863e-01
8.441291451454162598e-01
7.053184509277343750e-01
9.590690732002258301e-01
9.229460954666137695e-01
7.241767048835754395e-01
7.516736984252929688e-01
6.358320116996765137e-01
5.187447071075439453e-01
8.449466824531555176e-01
6.807761192321777344e-01
8.012630939483642578e-01
6.668331027030944824e-01
6.234269142150878906e-01
7.231914401054382324e-01
6.090850830078125000e-01
8.525974750518798828e-01
7.520999312400817871e-01
8.183712959289550781e-01
7.452985048294067383e-01
7.814943790435791016e-01
8.089214563369750977e-01
8.378554582595825195e-01
6.884554028511047363e-01
5.818105936050415039e-01
8.111367821693420410e-01
7.122673988342285156e-01
7.317452430725097656e-01
7.089383006095886230e-01
6.717069149017333984e-01
7.430756688117980957e-01
8.338907957077026367e-01
8.541869521141052246e-01
7.856342792510986328e-01
8.160434365272521973e-01
7.809274792671203613e-01
6.154179573059082031e-01
8.072025179862976074e-01
8.256382942199707031e-01
7.416859865188598633e-01
7.646849155426025391e-01
7.560405135154724121e-01
7.152207493782043457e-01
7.916701436042785645e-01
7.498383522033691406e-01
9.652392268180847168e-01
7.262763381004333496e-01
7.287340760231018066e-01
5.976808071136474609e-01
9.538759589195251465e-01
6.890097856521606445e-01
7.136189341545104980e-01
7.428855895996093750e-01
6.816753149032592773e-01
5.648106336593627930e-01
6.289949417114257812e-01
7.199484705924987793e-01
7.777675986289978027e-01
6.518997550010681152e-01
7.256975769996643066e-01
9.337820410728454590e-01
7.263092994689941406e-01
6.877720952033996582e-01
8.851820826530456543e-01
6.643189787864685059e-01
7.213503122329711914e-01
6.769499182701110840e-01
6.553600430488586426e-01
7.339159846305847168e-01
7.488521933555603027e-01
7.500549554824829102e-01
9.320042729377746582e-01
6.491413116455078125e-01
6.693187952041625977e-01
7.745887041091918945e-01
6.997497081756591797e-01
7.670098543167114258e-01
8.187029361724853516e-01
7.996712923049926758e-01
7.952105998992919922e-01
9.032614231109619141e-01
8.068048357963562012e-01
6.963326930999755859e-01
6.860336661338806152e-01
7.405601739883422852e-01
7.549303174018859863e-01
7.973631024360656738e-01
7.580834627151489258e-01
9.069425463676452637e-01
6.771668195724487305e-01
8.276338577270507812e-01
8.743720054626464844e-01
8.518831729888916016e-01
7.157782912254333496e-01
