8.261875510215759277e-01
8.163270950317382812e-01
7.875800132751464844e-01
8.022519350051879883e-01
7.412913441658020020e-01
7.109600901603698730e-01
8.965744376182556152e-01
8.001320362091064453e-01
7.361419796943664551e-01
5.844454765319824219e-01
6.502734422683715820e-01
8.847791552543640137e-01
7.294226288795471191e-01
7.391436696052551270e-01
7.857874035835266113e-01
8.218517303466796875e-01
6.723808050155639648e-01
6.483326554298400879e-01
7.106696963310241699e-01
6.430093050003051758e-01
7.839001417160034180e-01
6.088146567344665527e-01
8.803014159202575684e-01
8.137533068656921387e-01
7.439647316932678223e-01
7.107751369476318359e-01
7.335519790649414062e-01
8.944596052169799805e-01
6.820306777954101562e-01
6.802532076835632324e-01
7.529730796813964844e-01
7.314381003379821777e-01
7.957800626754760742e-01
7.159781455993652344e-01
6.457630395889282227e-01
7.616387605667114258e-01
7.632221579551696777e-01
6.939392089843750000e-01
6.483309864997863770e-01
5.126155614852905273e-01
7.453395128250122070e-01
6.950529813766479492e-01
6.651932001113891602e-01
5.730778574943542480e-01
6.884599328041076660e-01
7.249089479446411133e-01
7.880069613456726074e-01
7.289006710052490234e-01
6.654721498489379883e-01
7.609096169471740723e-01
6.495997309684753418e-01
7.776573896408081055e-01
6.382431387901306152e-01
8.098350167274475098e-01
5.485688447952270508e-01
7.500068545341491699e-01
5.812978148460388184e-01
7.295438647270202637e-01
8.571231365203857422e-01
8.011912107467651367e-01
5.496934652328491211e-01
6.990401148796081543e-01
7.196699380874633789e-01
7.317659258842468262e-01
8.320976495742797852e-01
7.187231779098510742e-01
7.128215432167053223e-01
6.935762166976928711e-01
8.176603317260742188e-01
6.765093803405761719e-01
8.082337379455566406e-01
8.404586315155029297e-01
7.628130912780761719e-01
6.907860040664672852e-01
7.512383460998535156e-01
8.399896621704101562e-01
7.645651102066040039e-01
6.579445004463195801e-01
7.078180313110351562e-01
7.085484862327575684e-01
7.122797966003417969e-01
8.203159570693969727e-01
5.705915093421936035e-01
7.705288529396057129e-01
8.189449310302734375e-01
7.544263005256652832e-01
6.707768440246582031e-01
7.857524752616882324e-01
7.675223350524902344e-01
6.608653664588928223e-01
5.982391834259033203e-01
5.891122221946716309e-01
7.947126030921936035e-01
6.859641671180725098e-01
5.943608283996582031e-01
6.242395043373107910e-01
8.403903245925903320e-01
7.246714234352111816e-01
5.077825188636779785e-01
8.259803652763366699e-01
7.698382735252380371e-01
6.791042089462280273e-01
8.607214689254760742e-01
7.559358477592468262e-01
7.001860141754150391e-01
6.248274445533752441e-01
5.347288250923156738e-01
8.008129000663757324e-01
7.174131870269775391e-01
7.104078531265258789e-01
5.865807533264160156e-01
6.600989103317260742e-01
6.108006238937377930e-01
6.193925738334655762e-01
7.032408118247985840e-01
5.668522119522094727e-01
7.880327105522155762e-01
8.406938910484313965e-01
7.266675829887390137e-01
5.739378929138183594e-01
8.371723890304565430e-01
5.977367162704467773e-01
7.760571837425231934e-01
6.275930404663085938e-01
7.194471359252929688e-01
8.305462002754211426e-01
6.573098301887512207e-01
6.547421216964721680e-01
6.178426742553710938e-01
6.751176714897155762e-01
7.831309437751770020e-01
6.768696308135986328e-01
6.968084573745727539e-01
8.463941812515258789e-01
7.582489848136901855e-01
6.566135287284851074e-01
5.672034025192260742e-01
7.353962063789367676e-01
7.556086778640747070e-01
8.037344813346862793e-01
8.461753129959106445e-01
7.383168339729309082e-01
8.325946927070617676e-01
6.159157156944274902e-01
7.596741914749145508e-01
6.854359507560729980e-01
7.006900906562805176e-01
6.982312798500061035e-01
7.327893376350402832e-01
8.678172230720520020e-01
4.985164105892181396e-01
7.626212239265441895e-01
7.368702292442321777e-01
5.460328459739685059e-01
7.751356959342956543e-01
6.400666236877441406e-01
8.287803530693054199e-01
7.891206741333007812e-01
7.195044159889221191e-01
5.800576210021972656e-01
6.781874299049377441e-01
6.516605019569396973e-01
6.222286224365234375e-01
6.571868658065795898e-01
5.706650614738464355e-01
7.540666460990905762e-01
7.480297088623046875e-01
7.048326730728149414e-01
7.656332850456237793e-01
7.089049816131591797e-01
7.710032463073730469e-01
8.333342671394348145e-01
6.926600337028503418e-01
7.071238756179809570e-01
7.384847402572631836e-01
5.432466268539428711e-01
8.472218513488769531e-01
7.856135368347167969e-01
7.386537194252014160e-01
7.429788112640380859e-01
6.964974999427795410e-01
7.871919870376586914e-01
7.791348695755004883e-01
8.878328204154968262e-01
6.981112957000732422e-01
7.258439660072326660e-01
7.670770883560180664e-01
6.267665624618530273e-01
7.007275819778442383e-01
7.874125838279724121e-01
7.409978508949279785e-01
6.223999857902526855e-01
7.598580121994018555e-01
8.307697176933288574e-01
8.565106391906738281e-01
8.258801698684692383e-01
7.602394223213195801e-01
7.291745543479919434e-01
6.204587817192077637e-01
8.654071092605590820e-01
5.057017803192138672e-01
6.745244860649108887e-01
8.668673038482666016e-01
6.707436442375183105e-01
7.525984644889831543e-01
7.716942429542541504e-01
7.421647906303405762e-01
6.320097446441650391e-01
7.667409181594848633e-01
7.445842027664184570e-01
6.977730989456176758e-01
6.445572376251220703e-01
8.985517024993896484e-01
6.761832833290100098e-01
6.538482904434204102e-01
7.072200179100036621e-01
8.707559108734130859e-01
6.344174146652221680e-01
6.139364242553710938e-01
6.689544320106506348e-01
8.507458567619323730e-01
7.781332135200500488e-01
8.549776077270507812e-01
7.834987640380859375e-01
6.380823254585266113e-01
7.993112206459045410e-01
7.802642583847045898e-01
6.946609616279602051e-01
8.363745808601379395e-01
7.648319602012634277e-01
7.140449285507202148e-01
7.987375855445861816e-01
7.536246180534362793e-01
6.659016013145446777e-01
7.881249189376831055e-01
5.725205540657043457e-01
6.515837311744689941e-01
7.807288169860839844e-01
8.339695930480957031e-01
6.752517223358154297e-01
4.952839910984039307e-01
8.091738820075988770e-01
7.262377738952636719e-01
8.027481436729431152e-01
7.124955058097839355e-01
6.819756627082824707e-01
7.039795517921447754e-01
5.976827740669250488e-01
7.799547910690307617e-01
7.666950225830078125e-01
6.138817667961120605e-01
7.177370786666870117e-01
6.330763697624206543e-01
8.602417111396789551e-01
7.393028140068054199e-01
7.626945376396179199e-01
7.701809406280517578e-01
7.097806930541992188e-01
7.573941349983215332e-01
8.686073422431945801e-01
5.898677110671997070e-01
7.058461904525756836e-01
6.414972543716430664e-01
7.397190332412719727e-01
8.137007355690002441e-01
7.055248022079467773e-01
6.045517921447753906e-01
7.176963090896606445e-01
