7.286399006843566895e-01
7.488659024238586426e-01
5.255010128021240234e-01
1.040354251861572266e+00
1.714216113090515137e+00
6.276041269302368164e-01
7.482056021690368652e-01
4.514636695384979248e-01
5.526217222213745117e-01
7.484470605850219727e-01
4.846929907798767090e-01
4.021504223346710205e-01
4.258807003498077393e-01
5.594325661659240723e-01
1.720957875251770020e+00
1.033774137496948242e+00
1.765654325485229492e+00
1.225890874862670898e+00
1.348196506500244141e+00
6.918221116065979004e-01
9.659156799316406250e-01
4.981309473514556885e-01
1.493839621543884277e+00
7.772641181945800781e-01
9.724391698837280273e-01
1.741791009902954102e+00
8.266944885253906250e-01
