7.141096591949462891e-01
6.572766900062561035e-01
3.439958989620208740e-01
1.177705049514770508e+00
1.644512653350830078e+00
6.158350706100463867e-01
6.068603396415710449e-01
4.228741824626922607e-01
3.648368120193481445e-01
3.490897417068481445e-01
2.833241522312164307e-01
4.005644023418426514e-01
3.429971039295196533e-01
3.739315569400787354e-01
1.476277589797973633e+00
8.307769298553466797e-01
1.321011066436767578e+00
2.106469154357910156e+00
1.783712744712829590e+00
4.818933010101318359e-01
7.019031047821044922e-01
3.014294803142547607e-01
9.677153825759887695e-01
6.229549050331115723e-01
6.776702404022216797e-01
1.390332937240600586e+00
5.436547398567199707e-01
