6.865375041961669922e-01
7.047700285911560059e-01
6.282614469528198242e-01
6.543631553649902344e-01
7.042422890663146973e-01
7.308156490325927734e-01
7.254473567008972168e-01
6.788257360458374023e-01
6.035236716270446777e-01
4.579253494739532471e-01
5.736334919929504395e-01
8.668175935745239258e-01
7.035314440727233887e-01
5.972505211830139160e-01
5.165808200836181641e-01
5.463082194328308105e-01
6.508696079254150391e-01
6.697003841400146484e-01
7.802598476409912109e-01
4.516544640064239502e-01
5.755952000617980957e-01
4.914012849330902100e-01
5.542408823966979980e-01
5.543880462646484375e-01
4.642675817012786865e-01
5.967861413955688477e-01
5.687525868415832520e-01
4.584561586380004883e-01
5.254376530647277832e-01
4.237760007381439209e-01
7.285978794097900391e-01
8.636993169784545898e-01
5.592673420906066895e-01
5.666050314903259277e-01
6.588935852050781250e-01
5.847739577293395996e-01
6.814629435539245605e-01
7.045825719833374023e-01
7.924546003341674805e-01
7.931174039840698242e-01
7.337304949760437012e-01
5.039765238761901855e-01
5.664160251617431641e-01
7.797910571098327637e-01
6.845473647117614746e-01
8.237524032592773438e-01
7.161678671836853027e-01
5.739132165908813477e-01
5.175123810768127441e-01
5.823467373847961426e-01
5.525016188621520996e-01
8.137613534927368164e-01
5.376229286193847656e-01
6.250075697898864746e-01
4.340825080871582031e-01
7.327803969383239746e-01
7.958711981773376465e-01
8.367780447006225586e-01
4.599860608577728271e-01
6.129069924354553223e-01
6.053024530410766602e-01
5.017491579055786133e-01
6.582067012786865234e-01
7.991781234741210938e-01
4.997425079345703125e-01
4.943637251853942871e-01
4.635363519191741943e-01
6.772427558898925781e-01
6.788695454597473145e-01
5.205794572830200195e-01
7.630357742309570312e-01
7.029381394386291504e-01
5.903491377830505371e-01
6.824960708618164062e-01
5.228789448738098145e-01
6.662639379501342773e-01
6.843138337135314941e-01
6.083070039749145508e-01
6.599367856979370117e-01
5.962056517601013184e-01
5.800018310546875000e-01
5.910524725914001465e-01
5.346634387969970703e-01
5.379990339279174805e-01
6.974689364433288574e-01
6.692312955856323242e-01
6.486678123474121094e-01
4.690016210079193115e-01
6.048754453659057617e-01
8.385915756225585938e-01
4.569973349571228027e-01
4.143137931823730469e-01
5.620481371879577637e-01
6.234754323959350586e-01
5.831767320632934570e-01
7.777519226074218750e-01
5.117419958114624023e-01
6.110271811485290527e-01
8.420588374137878418e-01
5.040298104286193848e-01
6.928531527519226074e-01
6.210043430328369141e-01
7.690142989158630371e-01
4.979374110698699951e-01
6.160085797309875488e-01
5.377508997917175293e-01
6.291556358337402344e-01
5.005888938903808594e-01
7.354962229728698730e-01
4.333764612674713135e-01
5.959337949752807617e-01
6.908816695213317871e-01
7.841569781303405762e-01
7.724918723106384277e-01
4.259334504604339600e-01
4.127093553543090820e-01
5.304153561592102051e-01
6.098037958145141602e-01
5.263801813125610352e-01
8.656857609748840332e-01
5.879852771759033203e-01
5.359783172607421875e-01
7.110462784767150879e-01
6.039601564407348633e-01
6.229077577590942383e-01
7.250038385391235352e-01
5.566107034683227539e-01
4.816976487636566162e-01
5.712024569511413574e-01
5.212630033493041992e-01
4.624401926994323730e-01
5.946218371391296387e-01
6.626503467559814453e-01
6.376014947891235352e-01
4.938616752624511719e-01
6.787463426589965820e-01
6.767835021018981934e-01
7.622654438018798828e-01
4.583009183406829834e-01
2.986107170581817627e-01
5.614294409751892090e-01
6.717483997344970703e-01
6.826931834220886230e-01
6.635656952857971191e-01
4.980294108390808105e-01
7.807286381721496582e-01
7.931011915206909180e-01
5.602836608886718750e-01
5.720677375793457031e-01
4.540930390357971191e-01
6.511117815971374512e-01
8.328735828399658203e-01
4.801619350910186768e-01
7.371417284011840820e-01
7.286180257797241211e-01
6.975253820419311523e-01
6.242933869361877441e-01
5.023028254508972168e-01
5.740345120429992676e-01
4.910469651222229004e-01
4.489693939685821533e-01
5.750811100006103516e-01
5.648970603942871094e-01
5.001046657562255859e-01
5.346916913986206055e-01
6.035901904106140137e-01
7.676920890808105469e-01
7.307336330413818359e-01
4.628493785858154297e-01
8.041247129440307617e-01
6.321573257446289062e-01
4.849434196949005127e-01
4.155736565589904785e-01
5.011643171310424805e-01
5.257893800735473633e-01
4.756461679935455322e-01
5.719431042671203613e-01
5.506290793418884277e-01
6.065312027931213379e-01
6.321662664413452148e-01
7.191865444183349609e-01
8.202238082885742188e-01
8.557219505310058594e-01
6.637697815895080566e-01
7.239500284194946289e-01
5.817438960075378418e-01
6.714449524879455566e-01
5.721464753150939941e-01
6.147048473358154297e-01
6.306876540184020996e-01
7.201566696166992188e-01
5.564356446266174316e-01
7.195616364479064941e-01
4.187076091766357422e-01
3.603827655315399170e-01
5.317962169647216797e-01
5.876736044883728027e-01
6.500337123870849609e-01
4.873820543289184570e-01
6.075749993324279785e-01
5.654698014259338379e-01
6.008191704750061035e-01
6.060417890548706055e-01
6.884075999259948730e-01
5.408012866973876953e-01
7.850777506828308105e-01
5.124131441116333008e-01
4.238247275352478027e-01
5.481895804405212402e-01
5.713685154914855957e-01
6.370533108711242676e-01
7.945109605789184570e-01
5.874711871147155762e-01
5.701984763145446777e-01
4.230491518974304199e-01
6.884521245956420898e-01
4.784327149391174316e-01
6.475244164466857910e-01
5.153625011444091797e-01
5.723710060119628906e-01
4.806051254272460938e-01
7.100735902786254883e-01
8.248396515846252441e-01
8.196598887443542480e-01
4.743633866310119629e-01
5.966802239418029785e-01
5.180927515029907227e-01
5.088574290275573730e-01
5.746203064918518066e-01
5.524073243141174316e-01
4.704962372779846191e-01
6.598255634307861328e-01
4.426797032356262207e-01
4.241826832294464111e-01
4.991484284400939941e-01
6.724488735198974609e-01
6.765958666801452637e-01
6.165444254875183105e-01
5.734405517578125000e-01
9.014306068420410156e-01
4.748911857604980469e-01
7.276054024696350098e-01
6.542631387710571289e-01
4.772524535655975342e-01
5.847699046134948730e-01
8.029615879058837891e-01
6.895996332168579102e-01
6.391069293022155762e-01
7.817698717117309570e-01
4.872469604015350342e-01
6.553976535797119141e-01
6.799716949462890625e-01
5.337066650390625000e-01
4.868095815181732178e-01
7.480843067169189453e-01
5.637072920799255371e-01
6.090776324272155762e-01
3.612286150455474854e-01
5.514111518859863281e-01
5.353597998619079590e-01
5.075652599334716797e-01
5.978730916976928711e-01
8.101398944854736328e-01
7.962598204612731934e-01
5.209749937057495117e-01
6.040610671043395996e-01
6.142884492874145508e-01
6.803427934646606445e-01
8.103357553482055664e-01
5.503459572792053223e-01
7.980728745460510254e-01
8.058353066444396973e-01
6.622806787490844727e-01
7.564067244529724121e-01
5.513323545455932617e-01
7.714033126831054688e-01
6.077352762222290039e-01
6.666462421417236328e-01
6.649324893951416016e-01
5.992676615715026855e-01
7.157559394836425781e-01
7.928622961044311523e-01
6.075220704078674316e-01
5.847418308258056641e-01
5.333279371261596680e-01
5.130141973495483398e-01
4.826105833053588867e-01
4.769214391708374023e-01
4.198747575283050537e-01
5.784454941749572754e-01
7.998883128166198730e-01
5.213838815689086914e-01
5.570448637008666992e-01
8.967661261558532715e-01
7.471348047256469727e-01
7.148035764694213867e-01
7.232194542884826660e-01
5.284958481788635254e-01
6.883966326713562012e-01
5.899120569229125977e-01
5.411560535430908203e-01
6.940639019012451172e-01
3.955953717231750488e-01
5.538296699523925781e-01
5.977355241775512695e-01
5.381977558135986328e-01
5.410220026969909668e-01
6.094897389411926270e-01
5.812577605247497559e-01
5.175783038139343262e-01
6.158853173255920410e-01
8.016136288642883301e-01
5.260256528854370117e-01
5.965522527694702148e-01
7.489920854568481445e-01
8.120103478431701660e-01
5.705915093421936035e-01
4.158689975738525391e-01
5.629528760910034180e-01
4.885947108268737793e-01
5.505719184875488281e-01
6.356607079505920410e-01
5.690252184867858887e-01
6.998014450073242188e-01
5.899831652641296387e-01
6.263496279716491699e-01
6.161299347877502441e-01
6.451709270477294922e-01
7.433063983917236328e-01
7.029377818107604980e-01
5.005469322204589844e-01
5.762570500373840332e-01
6.284386515617370605e-01
7.792938351631164551e-01
6.318088769912719727e-01
6.847307085990905762e-01
6.732885837554931641e-01
4.959265887737274170e-01
7.115018963813781738e-01
6.557957530021667480e-01
5.870437622070312500e-01
3.472123742103576660e-01
5.682415366172790527e-01
5.410025119781494141e-01
7.365028858184814453e-01
5.709468126296997070e-01
5.506074428558349609e-01
6.592324376106262207e-01
4.995995759963989258e-01
6.753103137016296387e-01
5.048362612724304199e-01
5.826681852340698242e-01
4.847342073917388916e-01
5.359159111976623535e-01
6.328354477882385254e-01
5.679561495780944824e-01
4.484353959560394287e-01
5.181420445442199707e-01
5.038899779319763184e-01
7.037184238433837891e-01
6.719493865966796875e-01
5.359852910041809082e-01
6.098997592926025391e-01
5.487626791000366211e-01
4.364510476589202881e-01
5.944228172302246094e-01
7.802614569664001465e-01
7.380329370498657227e-01
5.307703614234924316e-01
5.724585652351379395e-01
7.337379455566406250e-01
6.887879967689514160e-01
5.522609949111938477e-01
7.081115841865539551e-01
5.186201930046081543e-01
6.139974594116210938e-01
7.813245654106140137e-01
7.747051715850830078e-01
4.375207722187042236e-01
6.301643848419189453e-01
8.095041513442993164e-01
5.997803211212158203e-01
7.701020240783691406e-01
6.598041653633117676e-01
8.172164559364318848e-01
5.400736331939697266e-01
8.163179159164428711e-01
5.630916953086853027e-01
4.150436222553253174e-01
5.042110681533813477e-01
8.790866732597351074e-01
5.554260611534118652e-01
5.506657361984252930e-01
6.069762706756591797e-01
4.631185531616210938e-01
4.956412017345428467e-01
4.866929650306701660e-01
5.332196950912475586e-01
5.120861530303955078e-01
5.125312805175781250e-01
6.097270846366882324e-01
4.401335120201110840e-01
5.736685395240783691e-01
7.171539664268493652e-01
4.790025353431701660e-01
6.358397006988525391e-01
5.460003614425659180e-01
6.079753637313842773e-01
6.155562996864318848e-01
6.421670317649841309e-01
6.265573501586914062e-01
4.705062806606292725e-01
5.510569810867309570e-01
5.363456010818481445e-01
5.184713602066040039e-01
4.836350381374359131e-01
6.101149320602416992e-01
6.610432267189025879e-01
5.863800048828125000e-01
5.510503649711608887e-01
5.464140772819519043e-01
4.867928624153137207e-01
5.980059504508972168e-01
7.051281929016113281e-01
6.061407327651977539e-01
5.920125246047973633e-01
3.627840280532836914e-01
7.043253183364868164e-01
7.159278392791748047e-01
4.578756690025329590e-01
5.580827593803405762e-01
5.190381407737731934e-01
6.674141287803649902e-01
8.058473467826843262e-01
5.940531492233276367e-01
4.789235293865203857e-01
6.746098995208740234e-01
6.131708621978759766e-01
5.809333920478820801e-01
5.056361556053161621e-01
4.786252975463867188e-01
5.952246189117431641e-01
7.769332528114318848e-01
6.402962207794189453e-01
7.329496145248413086e-01
4.635547101497650146e-01
8.134339451789855957e-01
7.180202603340148926e-01
5.072851777076721191e-01
5.725388526916503906e-01
5.828896164894104004e-01
4.648095965385437012e-01
8.489236831665039062e-01
4.486716389656066895e-01
4.975275099277496338e-01
5.772241950035095215e-01
5.225999355316162109e-01
6.141368150711059570e-01
6.964969038963317871e-01
5.624015927314758301e-01
5.966249704360961914e-01
5.638232231140136719e-01
5.565882325172424316e-01
7.927182316780090332e-01
5.194476246833801270e-01
5.405293703079223633e-01
5.544481873512268066e-01
6.494576930999755859e-01
5.505694746971130371e-01
4.205358326435089111e-01
6.044816374778747559e-01
6.423583030700683594e-01
6.900019645690917969e-01
7.907807826995849609e-01
6.169995069503784180e-01
5.088540911674499512e-01
5.986680984497070312e-01
4.619535505771636963e-01
5.172690153121948242e-01
5.490438342094421387e-01
5.707854628562927246e-01
5.221254229545593262e-01
7.240017056465148926e-01
6.070510149002075195e-01
6.921215653419494629e-01
5.844618082046508789e-01
4.288731813430786133e-01
4.646878838539123535e-01
5.647560358047485352e-01
7.652012109756469727e-01
7.084035873413085938e-01
7.591779232025146484e-01
5.613431930541992188e-01
6.586878895759582520e-01
5.387406349182128906e-01
6.032312512397766113e-01
6.711723208427429199e-01
6.009693145751953125e-01
6.979652643203735352e-01
6.539169549942016602e-01
7.073044776916503906e-01
6.158316731452941895e-01
5.061292648315429688e-01
7.917876243591308594e-01
5.842967629432678223e-01
6.860718727111816406e-01
5.815590023994445801e-01
5.644853115081787109e-01
6.879055500030517578e-01
6.028051972389221191e-01
5.634158849716186523e-01
6.042227745056152344e-01
4.677225947380065918e-01
5.044855475425720215e-01
4.762565493583679199e-01
6.130077838897705078e-01
6.676526069641113281e-01
4.943503439426422119e-01
6.124938726425170898e-01
6.672953963279724121e-01
7.307640910148620605e-01
4.154362678527832031e-01
5.673559904098510742e-01
6.105519533157348633e-01
6.048610210418701172e-01
5.994464159011840820e-01
8.042027354240417480e-01
6.048113703727722168e-01
5.960612893104553223e-01
8.383202552795410156e-01
6.445603370666503906e-01
7.601773142814636230e-01
4.842192828655242920e-01
4.638190269470214844e-01
8.022207617759704590e-01
4.686350226402282715e-01
5.079485774040222168e-01
5.782324075698852539e-01
6.016164422035217285e-01
7.601030468940734863e-01
3.727950751781463623e-01
5.806484222412109375e-01
6.125431656837463379e-01
8.580875992774963379e-01
5.721106529235839844e-01
5.892397165298461914e-01
7.683864831924438477e-01
8.284672498703002930e-01
4.956902861595153809e-01
6.310270428657531738e-01
7.485744953155517578e-01
5.891146659851074219e-01
5.877211093902587891e-01
5.282759070396423340e-01
5.074877142906188965e-01
7.675634622573852539e-01
3.028587400913238525e-01
6.993666887283325195e-01
5.580260157585144043e-01
5.957687497138977051e-01
6.090011596679687500e-01
4.728283584117889404e-01
4.933172464370727539e-01
7.638937830924987793e-01
5.546247959136962891e-01
5.585395097732543945e-01
7.727897167205810547e-01
7.415229082107543945e-01
4.588963985443115234e-01
6.694573163986206055e-01
5.661708116531372070e-01
4.069144725799560547e-01
5.103328227996826172e-01
6.789270043373107910e-01
6.719876527786254883e-01
5.748398900032043457e-01
6.089033484458923340e-01
7.828427553176879883e-01
4.535768628120422363e-01
7.108013033866882324e-01
7.133436799049377441e-01
6.462737917900085449e-01
5.137979388236999512e-01
4.212494194507598877e-01
4.245831668376922607e-01
4.078469872474670410e-01
6.251403689384460449e-01
5.207589268684387207e-01
3.704705536365509033e-01
4.784964919090270996e-01
5.792734622955322266e-01
6.202068328857421875e-01
8.023454546928405762e-01
5.460449457168579102e-01
6.767555475234985352e-01
6.046332716941833496e-01
6.591970324516296387e-01
5.609623789787292480e-01
5.431486368179321289e-01
7.223106622695922852e-01
7.723489999771118164e-01
5.335378646850585938e-01
7.349434494972229004e-01
6.059577465057373047e-01
4.592497646808624268e-01
4.768249392509460449e-01
5.114560127258300781e-01
5.397979617118835449e-01
6.988943815231323242e-01
6.777079105377197266e-01
5.822309851646423340e-01
6.982457041740417480e-01
4.507491588592529297e-01
5.743460059165954590e-01
7.035112977027893066e-01
7.169476151466369629e-01
6.173604130744934082e-01
5.997406244277954102e-01
5.100665688514709473e-01
5.175195932388305664e-01
5.404530167579650879e-01
7.270519733428955078e-01
5.625048875808715820e-01
4.318538308143615723e-01
6.779375672340393066e-01
5.276646018028259277e-01
5.909675955772399902e-01
5.548593997955322266e-01
5.561299324035644531e-01
5.467631816864013672e-01
6.345962882041931152e-01
5.706991553306579590e-01
5.621322989463806152e-01
7.500876188278198242e-01
4.863726794719696045e-01
6.345204710960388184e-01
6.317150592803955078e-01
5.673806071281433105e-01
6.173990368843078613e-01
5.608886480331420898e-01
6.253559589385986328e-01
6.872212290763854980e-01
5.993866920471191406e-01
8.606350421905517578e-01
5.848562121391296387e-01
4.512293040752410889e-01
5.679207444190979004e-01
6.024974584579467773e-01
5.340061187744140625e-01
5.908530950546264648e-01
6.587047576904296875e-01
7.162360548973083496e-01
6.673663258552551270e-01
6.618010401725769043e-01
5.074685215950012207e-01
6.961958408355712891e-01
6.128576397895812988e-01
6.076483726501464844e-01
4.097256660461425781e-01
6.109898686408996582e-01
7.722901701927185059e-01
7.525007128715515137e-01
5.215694904327392578e-01
4.771239161491394043e-01
6.140521168708801270e-01
6.974165439605712891e-01
8.169238567352294922e-01
6.694246530532836914e-01
6.401891708374023438e-01
5.978525876998901367e-01
4.169999659061431885e-01
6.817575097084045410e-01
5.690135955810546875e-01
8.003781437873840332e-01
4.623861312866210938e-01
7.573875188827514648e-01
8.222793936729431152e-01
7.227246761322021484e-01
6.019004583358764648e-01
6.585465669631958008e-01
6.261366605758666992e-01
7.124254703521728516e-01
5.578431487083435059e-01
7.042306065559387207e-01
3.999492228031158447e-01
4.296611547470092773e-01
5.462929606437683105e-01
4.685290157794952393e-01
6.219987273216247559e-01
5.298550724983215332e-01
6.913673281669616699e-01
6.268123984336853027e-01
5.617914795875549316e-01
6.522836685180664062e-01
5.105214715003967285e-01
5.816174745559692383e-01
4.627114534378051758e-01
6.852849721908569336e-01
5.892603397369384766e-01
5.968803763389587402e-01
5.472645759582519531e-01
7.093099951744079590e-01
5.670880079269409180e-01
6.381378769874572754e-01
7.738636732101440430e-01
4.991757273674011230e-01
8.253730535507202148e-01
7.364898920059204102e-01
6.870570778846740723e-01
5.793640017509460449e-01
7.225922942161560059e-01
5.703881382942199707e-01
4.756498634815216064e-01
5.456233620643615723e-01
5.254998803138732910e-01
5.059991478919982910e-01
7.045870423316955566e-01
6.345524787902832031e-01
5.395421385765075684e-01
5.492348074913024902e-01
8.350650072097778320e-01
7.963640689849853516e-01
8.055050969123840332e-01
5.268961787223815918e-01
4.647002220153808594e-01
8.051423430442810059e-01
7.519429922103881836e-01
4.056000113487243652e-01
7.035189270973205566e-01
6.563835144042968750e-01
7.763730883598327637e-01
6.863500475883483887e-01
4.693100452423095703e-01
7.424775958061218262e-01
5.798715949058532715e-01
5.465037822723388672e-01
7.382959723472595215e-01
7.141202688217163086e-01
7.262806892395019531e-01
6.186590194702148438e-01
6.545709967613220215e-01
6.190378665924072266e-01
5.668187737464904785e-01
5.935834646224975586e-01
4.910913109779357910e-01
4.926228821277618408e-01
6.272450685501098633e-01
6.699268221855163574e-01
8.444152474403381348e-01
8.428097963333129883e-01
6.687328815460205078e-01
5.887867808341979980e-01
7.793478965759277344e-01
5.120080709457397461e-01
6.738395094871520996e-01
5.843651890754699707e-01
5.202465653419494629e-01
5.194832086563110352e-01
4.345781207084655762e-01
5.299843549728393555e-01
6.895186305046081543e-01
5.658782124519348145e-01
8.114959597587585449e-01
7.788349986076354980e-01
8.795592188835144043e-01
4.440481662750244141e-01
8.329282402992248535e-01
4.218195974826812744e-01
4.704549610614776611e-01
5.895734429359436035e-01
5.177928209304809570e-01
5.059078931808471680e-01
5.171939730644226074e-01
5.204210281372070312e-01
4.429143965244293213e-01
7.089536190032958984e-01
4.597881436347961426e-01
6.918426752090454102e-01
6.762664318084716797e-01
5.655816197395324707e-01
6.059050559997558594e-01
4.800115823745727539e-01
4.374030232429504395e-01
4.640710949897766113e-01
5.122321844100952148e-01
5.478056669235229492e-01
5.724816918373107910e-01
9.078356027603149414e-01
6.190456151962280273e-01
6.935492157936096191e-01
6.121446490287780762e-01
7.730401158332824707e-01
5.015248060226440430e-01
6.636559367179870605e-01
6.309041976928710938e-01
4.709115922451019287e-01
5.824806094169616699e-01
6.252043247222900391e-01
5.512197613716125488e-01
7.416570186614990234e-01
4.735311269760131836e-01
6.044152975082397461e-01
5.295431613922119141e-01
8.157199621200561523e-01
5.351100564002990723e-01
5.198295116424560547e-01
8.590864539146423340e-01
6.092734932899475098e-01
5.841059684753417969e-01
6.199956536293029785e-01
4.617957174777984619e-01
7.975039482116699219e-01
5.547434091567993164e-01
4.741513133049011230e-01
8.592435717582702637e-01
4.663503170013427734e-01
8.378092646598815918e-01
5.519698858261108398e-01
6.396000385284423828e-01
4.892400801181793213e-01
5.895848870277404785e-01
5.678225755691528320e-01
6.576709151268005371e-01
6.932609677314758301e-01
6.693919301033020020e-01
5.130714774131774902e-01
7.452576160430908203e-01
7.762877345085144043e-01
4.428648054599761963e-01
5.782144069671630859e-01
5.861108303070068359e-01
5.228062272071838379e-01
4.352045953273773193e-01
5.084702372550964355e-01
7.769891619682312012e-01
4.495038092136383057e-01
4.438186883926391602e-01
6.189525723457336426e-01
6.702904105186462402e-01
3.889004588127136230e-01
4.620716869831085205e-01
8.027174472808837891e-01
6.829500794410705566e-01
6.074619889259338379e-01
5.234537124633789062e-01
6.280093193054199219e-01
5.287216305732727051e-01
4.777821600437164307e-01
8.492625355720520020e-01
4.209572076797485352e-01
4.635465145111083984e-01
5.674595236778259277e-01
5.540733933448791504e-01
4.736694991588592529e-01
7.279762625694274902e-01
6.747623682022094727e-01
7.447887659072875977e-01
6.032893061637878418e-01
6.787940859794616699e-01
5.051217079162597656e-01
4.140618741512298584e-01
5.394531488418579102e-01
6.929489970207214355e-01
4.895761311054229736e-01
5.825269818305969238e-01
4.478969871997833252e-01
5.288800597190856934e-01
4.208899140357971191e-01
6.981506347656250000e-01
7.649049758911132812e-01
5.117641091346740723e-01
6.812021732330322266e-01
5.115740895271301270e-01
6.588921546936035156e-01
5.375264883041381836e-01
6.451075077056884766e-01
5.796537399291992188e-01
4.462318122386932373e-01
5.635944604873657227e-01
4.028088450431823730e-01
7.850037813186645508e-01
5.816999077796936035e-01
7.312233448028564453e-01
6.988646984100341797e-01
6.230801343917846680e-01
5.092054605484008789e-01
6.780320405960083008e-01
5.781364440917968750e-01
6.499524712562561035e-01
6.118711233139038086e-01
5.246621966361999512e-01
7.470161318778991699e-01
5.350908637046813965e-01
7.473298907279968262e-01
4.313443899154663086e-01
4.538221955299377441e-01
4.324739277362823486e-01
6.797282099723815918e-01
7.742190361022949219e-01
4.676797091960906982e-01
7.254614233970642090e-01
5.833580493927001953e-01
7.652332186698913574e-01
6.403410434722900391e-01
5.812158584594726562e-01
6.361293196678161621e-01
5.426477789878845215e-01
6.183770298957824707e-01
6.364942789077758789e-01
5.877065658569335938e-01
4.727276265621185303e-01
5.492131710052490234e-01
7.593454122543334961e-01
7.988981604576110840e-01
6.478732824325561523e-01
6.884866356849670410e-01
7.288671731948852539e-01
6.977662444114685059e-01
6.058520674705505371e-01
5.718728303909301758e-01
6.277268528938293457e-01
5.375528931617736816e-01
4.529445767402648926e-01
5.472593307495117188e-01
5.473452210426330566e-01
4.891408979892730713e-01
5.054891109466552734e-01
5.710642933845520020e-01
6.691746711730957031e-01
5.726385116577148438e-01
6.382147669792175293e-01
5.568709373474121094e-01
6.199635267257690430e-01
6.622785329818725586e-01
4.926607012748718262e-01
5.491204261779785156e-01
6.625787019729614258e-01
8.242903351783752441e-01
4.932120144367218018e-01
7.523817420005798340e-01
6.468262076377868652e-01
5.654711127281188965e-01
6.015892624855041504e-01
6.418640613555908203e-01
7.449245452880859375e-01
7.453117370605468750e-01
6.312620639801025391e-01
6.811682581901550293e-01
4.536081850528717041e-01
4.849033653736114502e-01
7.277630567550659180e-01
4.592144787311553955e-01
7.290491461753845215e-01
7.683160305023193359e-01
6.799988746643066406e-01
5.746806263923645020e-01
5.796871185302734375e-01
7.573444247245788574e-01
5.885609984397888184e-01
4.086420238018035889e-01
7.944853901863098145e-01
6.394565701484680176e-01
5.074200630187988281e-01
8.132858276367187500e-01
6.669719219207763672e-01
4.964332878589630127e-01
5.673217773437500000e-01
5.851799845695495605e-01
5.050656795501708984e-01
4.995256662368774414e-01
7.270246744155883789e-01
7.247357964515686035e-01
6.292580366134643555e-01
5.678589940071105957e-01
6.919735670089721680e-01
5.814004540443420410e-01
4.906297326087951660e-01
6.612229943275451660e-01
5.656375885009765625e-01
4.595837593078613281e-01
5.490099787712097168e-01
6.883307695388793945e-01
