4.027567505836486816e-01
4.901634454727172852e-01
5.205179452896118164e-01
2.968994975090026855e-01
4.301715791225433350e-01
3.811534941196441650e-01
3.189979791641235352e-01
5.385890007019042969e-01
5.620547533035278320e-01
3.517197668552398682e-01
8.023791313171386719e-01
6.800509691238403320e-01
3.772646784782409668e-01
4.776402711868286133e-01
3.263205289840698242e-01
4.490245282649993896e-01
8.682281374931335449e-01
5.985745191574096680e-01
3.151330649852752686e-01
4.815051555633544922e-01
4.334699213504791260e-01
4.161501824855804443e-01
7.366569042205810547e-01
6.994863748550415039e-01
2.837880551815032959e-01
7.998958230018615723e-01
3.353080451488494873e-01
4.742839336395263672e-01
3.620767295360565186e-01
2.044158577919006348e-01
7.737796902656555176e-01
3.391811251640319824e-01
3.332170248031616211e-01
3.061332702636718750e-01
4.314880073070526123e-01
7.164511084556579590e-01
3.307106196880340576e-01
4.238863885402679443e-01
3.935311734676361084e-01
2.906925678253173828e-01
5.641678571701049805e-01
5.528194308280944824e-01
4.255813956260681152e-01
5.567494034767150879e-01
6.135220527648925781e-01
3.834376037120819092e-01
7.501996159553527832e-01
1.001042872667312622e-01
6.551843285560607910e-01
4.188293516635894775e-01
5.823917388916015625e-01
3.649445176124572754e-01
2.535500526428222656e-01
4.850150942802429199e-01
3.814027905464172363e-01
3.012537360191345215e-01
4.092794954776763916e-01
3.085412085056304932e-01
5.289258360862731934e-01
3.996442854404449463e-01
6.492449045181274414e-01
6.491147279739379883e-01
1.979746371507644653e-01
1.772355288267135620e-01
3.670324385166168213e-01
6.366128921508789062e-01
6.756023168563842773e-01
5.367158651351928711e-01
2.147950828075408936e-01
5.231437683105468750e-01
3.227772414684295654e-01
4.553068876266479492e-01
7.606489062309265137e-01
4.328169226646423340e-01
4.153787493705749512e-01
5.750615000724792480e-01
5.400933623313903809e-01
3.791544139385223389e-01
3.902246057987213135e-01
2.774295210838317871e-01
4.405540227890014648e-01
2.974038124084472656e-01
5.073258876800537109e-01
6.530089378356933594e-01
2.494446635246276855e-01
5.127795338630676270e-01
5.528305768966674805e-01
4.542742669582366943e-01
2.755089402198791504e-01
2.906917631626129150e-01
3.569888174533843994e-01
2.258214950561523438e-01
7.441753745079040527e-01
5.591090321540832520e-01
4.216901659965515137e-01
6.778821349143981934e-01
3.451984524726867676e-01
2.973631620407104492e-01
4.527409970760345459e-01
5.383938550949096680e-01
3.086111247539520264e-01
3.766750395298004150e-01
4.401398301124572754e-01
3.813977539539337158e-01
3.627379536628723145e-01
5.790490508079528809e-01
4.371353983879089355e-01
4.440959990024566650e-01
6.760323047637939453e-01
4.531653523445129395e-01
5.542230010032653809e-01
2.712511718273162842e-01
1.227840259671211243e-01
7.594658136367797852e-01
4.306995570659637451e-01
8.550197482109069824e-01
3.902983963489532471e-01
5.795757174491882324e-01
3.827569484710693359e-01
7.301493287086486816e-01
3.734895586967468262e-01
3.797671794891357422e-01
6.475170850753784180e-01
4.421881139278411865e-01
4.192260205745697021e-01
3.685237765312194824e-01
3.363436758518218994e-01
2.329989969730377197e-01
8.105384707450866699e-01
3.983142077922821045e-01
2.877333164215087891e-01
2.247558385133743286e-01
5.890423059463500977e-01
4.349627196788787842e-01
5.029758810997009277e-01
4.496112763881683350e-01
4.770573377609252930e-01
5.302416682243347168e-01
4.223963618278503418e-01
6.758331656455993652e-01
5.261386036872863770e-01
7.152389287948608398e-01
7.022883296012878418e-01
4.701566696166992188e-01
3.202891051769256592e-01
4.990438520908355713e-01
5.523746609687805176e-01
3.989481627941131592e-01
6.483449935913085938e-01
5.285905003547668457e-01
6.053615212440490723e-01
6.824548840522766113e-01
5.054880380630493164e-01
4.923825562000274658e-01
5.858143568038940430e-01
5.372039079666137695e-01
5.182271599769592285e-01
5.310730934143066406e-01
3.718003332614898682e-01
1.260942965745925903e-01
5.144875645637512207e-01
7.657973170280456543e-01
5.132566094398498535e-01
5.134221315383911133e-01
5.318034887313842773e-01
2.569322586059570312e-01
7.802143096923828125e-01
4.758136272430419922e-01
4.364790022373199463e-01
5.267997980117797852e-01
6.521102786064147949e-01
4.014208614826202393e-01
5.483667254447937012e-01
6.804223060607910156e-01
2.169936299324035645e-01
5.561774373054504395e-01
5.458675622940063477e-01
2.732640504837036133e-01
4.982151985168457031e-01
5.759828090667724609e-01
3.094089925289154053e-01
2.957844138145446777e-01
7.965350747108459473e-01
5.663829445838928223e-01
2.379503995180130005e-01
4.844913482666015625e-01
3.216052949428558350e-01
3.509569764137268066e-01
3.380836248397827148e-01
3.013934195041656494e-01
4.197783172130584717e-01
3.361875712871551514e-01
3.511214554309844971e-01
3.180035650730133057e-01
5.263330936431884766e-01
2.662935256958007812e-01
4.630856513977050781e-01
3.255127668380737305e-01
6.623528003692626953e-01
6.649581193923950195e-01
6.167532205581665039e-01
3.516492545604705811e-01
5.121753811836242676e-01
2.777816355228424072e-01
6.190358400344848633e-01
4.695163667201995850e-01
6.002603173255920410e-01
2.303481251001358032e-01
2.607442140579223633e-01
7.171676754951477051e-01
5.990524291992187500e-01
3.569514751434326172e-01
2.773391306400299072e-01
5.214703083038330078e-01
5.263683795928955078e-01
2.831815779209136963e-01
2.029444724321365356e-01
3.322706222534179688e-01
4.088421463966369629e-01
1.923151463270187378e-01
5.009648203849792480e-01
3.080600500106811523e-01
5.287801027297973633e-01
4.538403451442718506e-01
4.431968629360198975e-01
4.735553860664367676e-01
6.785585880279541016e-01
3.610785603523254395e-01
4.860665202140808105e-01
5.648138523101806641e-01
5.531613826751708984e-01
7.381708025932312012e-01
5.662145614624023438e-01
3.123159706592559814e-01
3.025876879692077637e-01
