6.966691613197326660e-01
3.013646304607391357e-01
7.823051810264587402e-01
3.556539714336395264e-01
4.249066710472106934e-01
2.001341581344604492e-01
2.104277163743972778e-01
2.905672490596771240e-01
4.358859062194824219e-01
2.656061649322509766e-01
5.532299876213073730e-01
3.231737017631530762e-01
3.602625131607055664e-01
3.514909446239471436e-01
7.262917757034301758e-01
6.855670213699340820e-01
2.378814071416854858e-01
3.205127716064453125e-01
3.897534012794494629e-01
7.054860591888427734e-01
3.846085071563720703e-01
2.640975713729858398e-01
8.726307153701782227e-01
3.135170638561248779e-01
5.169259905815124512e-01
3.782303631305694580e-01
5.361922979354858398e-01
5.804635286331176758e-01
6.900159716606140137e-01
2.570428848266601562e-01
4.215559363365173340e-01
3.446683883666992188e-01
5.824360251426696777e-01
3.378442525863647461e-01
3.329100310802459717e-01
5.149551630020141602e-01
1.993616372346878052e-01
6.320763826370239258e-01
4.503656923770904541e-01
5.103535652160644531e-01
8.316771984100341797e-01
7.445832490921020508e-01
2.453569769859313965e-01
2.250340282917022705e-01
1.985945850610733032e-01
3.705743551254272461e-01
3.916963636875152588e-01
5.507446527481079102e-01
6.910147666931152344e-01
2.052289992570877075e-01
3.823108077049255371e-01
3.814507424831390381e-01
3.245338499546051025e-01
3.586920201778411865e-01
2.657686173915863037e-01
3.913762271404266357e-01
2.809685468673706055e-01
5.831102728843688965e-01
4.241887629032135010e-01
5.517817735671997070e-01
6.715438961982727051e-01
5.573760271072387695e-01
3.887234926223754883e-01
2.368280589580535889e-01
5.747306346893310547e-01
4.576322138309478760e-01
6.270024776458740234e-01
2.526860535144805908e-01
2.136156558990478516e-01
5.734138488769531250e-01
3.920919001102447510e-01
4.663960337638854980e-01
5.786386132240295410e-01
7.444761395454406738e-01
2.470659166574478149e-01
4.683413505554199219e-01
3.163985908031463623e-01
5.862081050872802734e-01
3.102008700370788574e-01
3.504853248596191406e-01
5.518444180488586426e-01
2.876869738101959229e-01
6.469413638114929199e-01
3.198452591896057129e-01
8.192197084426879883e-01
2.864641845226287842e-01
2.754360139369964600e-01
2.822628021240234375e-01
3.638255596160888672e-01
3.913471698760986328e-01
2.457852214574813843e-01
3.051295578479766846e-01
5.868959426879882812e-01
3.524673879146575928e-01
3.337627947330474854e-01
2.242299318313598633e-01
4.009660184383392334e-01
4.863629341125488281e-01
3.383379876613616943e-01
4.805580973625183105e-01
4.408057034015655518e-01
6.231485009193420410e-01
2.256482690572738647e-01
3.204503357410430908e-01
2.076742798089981079e-01
2.791312932968139648e-01
1.978250443935394287e-01
6.885135173797607422e-01
5.082288980484008789e-01
4.143226146697998047e-01
2.338935881853103638e-01
5.208291411399841309e-01
2.246046066284179688e-01
5.073615908622741699e-01
2.993026375770568848e-01
3.024926781654357910e-01
3.257246017456054688e-01
2.446981817483901978e-01
4.477070271968841553e-01
3.524353504180908203e-01
5.316056013107299805e-01
3.469403684139251709e-01
3.063800036907196045e-01
2.991810739040374756e-01
5.813959836959838867e-01
2.811082601547241211e-01
3.955147564411163330e-01
2.327312529087066650e-01
3.421600162982940674e-01
5.016691684722900391e-01
6.312519311904907227e-01
4.783278405666351318e-01
5.109900236129760742e-01
7.814443111419677734e-01
2.990941405296325684e-01
2.710083425045013428e-01
3.745726644992828369e-01
5.719225406646728516e-01
4.984352588653564453e-01
8.071635365486145020e-01
2.089057415723800659e-01
3.842989206314086914e-01
5.933380126953125000e-01
5.059530138969421387e-01
2.762370109558105469e-01
5.237361192703247070e-01
3.784446120262145996e-01
2.454939633607864380e-01
2.258079051971435547e-01
3.304525613784790039e-01
3.162365257740020752e-01
2.745049297809600830e-01
3.492341041564941406e-01
5.136327743530273438e-01
2.390328347682952881e-01
5.757131576538085938e-01
3.770814538002014160e-01
6.607712507247924805e-01
2.173929810523986816e-01
6.201274991035461426e-01
4.996955096721649170e-01
2.684704661369323730e-01
2.853646874427795410e-01
5.121286511421203613e-01
3.807183206081390381e-01
2.948586940765380859e-01
2.132005840539932251e-01
2.198655903339385986e-01
2.939678728580474854e-01
3.620631396770477295e-01
3.131581246852874756e-01
2.330477088689804077e-01
2.870888113975524902e-01
4.200294911861419678e-01
6.833246946334838867e-01
1.683339476585388184e-01
5.072402954101562500e-01
3.706556558609008789e-01
2.279420047998428345e-01
7.331868410110473633e-01
3.538667857646942139e-01
5.021423101425170898e-01
4.242729246616363525e-01
3.117914795875549316e-01
2.802344858646392822e-01
1.817537844181060791e-01
7.275558710098266602e-01
2.779178023338317871e-01
2.973908185958862305e-01
4.067315757274627686e-01
2.711631059646606445e-01
2.124857008457183838e-01
2.861505448818206787e-01
4.858928918838500977e-01
4.642976522445678711e-01
3.245992362499237061e-01
3.415759503841400146e-01
4.603110849857330322e-01
2.656634747982025146e-01
5.107296109199523926e-01
3.276173472404479980e-01
3.192770183086395264e-01
3.670900762081146240e-01
2.151446193456649780e-01
2.971922457218170166e-01
2.387801408767700195e-01
2.464985996484756470e-01
4.313672184944152832e-01
4.233489632606506348e-01
2.891376614570617676e-01
1.749106049537658691e-01
3.791109919548034668e-01
5.998395681381225586e-01
3.362947106361389160e-01
2.873427867889404297e-01
2.690137326717376709e-01
5.220792889595031738e-01
5.000464320182800293e-01
2.799121141433715820e-01
2.635485529899597168e-01
4.043411910533905029e-01
4.119670987129211426e-01
6.711410284042358398e-01
6.209304332733154297e-01
3.340833187103271484e-01
2.816606462001800537e-01
4.487970769405364990e-01
6.052891612052917480e-01
3.866984248161315918e-01
6.106708049774169922e-01
2.656681835651397705e-01
2.893046140670776367e-01
4.825562834739685059e-01
4.407771825790405273e-01
5.138970613479614258e-01
3.074622154235839844e-01
7.324624061584472656e-02
3.248453736305236816e-01
4.555967450141906738e-01
2.871672213077545166e-01
7.783732414245605469e-01
3.359979391098022461e-01
3.236758708953857422e-01
6.222584247589111328e-01
2.944612205028533936e-01
4.547662436962127686e-01
2.802366018295288086e-01
2.907953560352325439e-01
4.347056746482849121e-01
3.086237907409667969e-01
4.280983507633209229e-01
3.668721616268157959e-01
3.607582151889801025e-01
2.390947639942169189e-01
2.634032666683197021e-01
5.432700514793395996e-01
4.187069237232208252e-01
3.985617458820343018e-01
4.610510468482971191e-01
4.554432630538940430e-01
4.498178362846374512e-01
2.544641494750976562e-01
2.991937696933746338e-01
5.606514215469360352e-01
6.418670415878295898e-01
3.603655695915222168e-01
2.327785193920135498e-01
2.095500379800796509e-01
2.873167097568511963e-01
6.587215662002563477e-01
3.545495867729187012e-01
1.900305747985839844e-01
4.074575603008270264e-01
4.500346183776855469e-01
2.212603092193603516e-01
3.346363306045532227e-01
3.418274819850921631e-01
4.758344292640686035e-01
1.774880737066268921e-01
3.274893760681152344e-01
2.841333448886871338e-01
3.582505285739898682e-01
3.644722700119018555e-01
5.682966113090515137e-01
2.457910925149917603e-01
4.122554361820220947e-01
3.114421665668487549e-01
6.569589376449584961e-01
3.739221990108489990e-01
3.024622797966003418e-01
3.396111726760864258e-01
2.745213508605957031e-01
4.550649523735046387e-01
3.878289461135864258e-01
5.318912863731384277e-01
4.627685546875000000e-01
3.966573178768157959e-01
4.913029372692108154e-01
2.200727164745330811e-01
2.956889271736145020e-01
3.781490921974182129e-01
8.507882356643676758e-01
4.756231009960174561e-01
2.931922972202301025e-01
1.863322556018829346e-01
3.708517849445343018e-01
1.577390581369400024e-01
1.852414608001708984e-01
3.043425381183624268e-01
4.286523163318634033e-01
1.940712779760360718e-01
3.998883962631225586e-01
4.856831431388854980e-01
6.905069947242736816e-01
5.255916714668273926e-01
7.241659760475158691e-01
4.620853364467620850e-01
3.222856223583221436e-01
1.687987297773361206e-01
2.151362299919128418e-01
1.688156723976135254e-01
3.303132951259613037e-01
3.998901546001434326e-01
5.022386908531188965e-01
3.465773761272430420e-01
4.104097783565521240e-01
4.146448373794555664e-01
4.964003264904022217e-01
3.338820636272430420e-01
8.593382239341735840e-01
7.404681444168090820e-01
4.365093410015106201e-01
3.685799837112426758e-01
4.096797406673431396e-01
5.744046568870544434e-01
2.423980981111526489e-01
4.265729784965515137e-01
3.090888261795043945e-01
5.266230702400207520e-01
3.575552999973297119e-01
3.712919652462005615e-01
2.902155816555023193e-01
7.813388109207153320e-01
5.998247861862182617e-01
2.903139293193817139e-01
7.953492403030395508e-01
5.401841998100280762e-01
4.358063936233520508e-01
4.038666486740112305e-01
4.523669779300689697e-01
3.012145459651947021e-01
2.787554562091827393e-01
2.938057482242584229e-01
2.865123450756072998e-01
2.537868320941925049e-01
3.118019104003906250e-01
5.903766751289367676e-01
5.801450014114379883e-01
2.370386570692062378e-01
5.691800117492675781e-01
4.761007428169250488e-01
1.951680183410644531e-01
3.825390636920928955e-01
6.571182012557983398e-01
2.437462657690048218e-01
5.939834713935852051e-01
2.730670273303985596e-01
2.493260353803634644e-01
4.140012860298156738e-01
2.318666428327560425e-01
5.920386314392089844e-01
5.252385735511779785e-01
2.671168446540832520e-01
2.820085287094116211e-01
1.426892727613449097e-01
5.078990459442138672e-01
3.605353236198425293e-01
3.806264102458953857e-01
7.753661870956420898e-01
4.617572128772735596e-01
6.779600381851196289e-01
3.104045689105987549e-01
1.807337850332260132e-01
2.085351645946502686e-01
8.017568588256835938e-01
4.298932850360870361e-01
4.222954809665679932e-01
4.473476707935333252e-01
3.855254650115966797e-01
2.145214080810546875e-01
3.441308736801147461e-01
3.645979166030883789e-01
3.867149353027343750e-01
6.638948917388916016e-01
4.093679487705230713e-01
5.537569895386695862e-02
4.373305737972259521e-01
2.577200233936309814e-01
3.444822430610656738e-01
6.056002378463745117e-01
3.110696673393249512e-01
2.381519973278045654e-01
3.137789070606231689e-01
3.079857528209686279e-01
3.687027394771575928e-01
7.460995912551879883e-01
2.383851259946823120e-01
2.208793759346008301e-01
5.417069792747497559e-01
2.069949656724929810e-01
6.222047805786132812e-01
5.075201764702796936e-02
3.122086822986602783e-01
2.011024206876754761e-01
5.451297163963317871e-01
2.335637211799621582e-01
3.015277087688446045e-01
3.411215245723724365e-01
2.730197012424468994e-01
1.885098963975906372e-01
4.684755504131317139e-01
6.224583387374877930e-01
5.596509575843811035e-01
3.327418267726898193e-01
2.567024230957031250e-01
3.743126988410949707e-01
3.583636581897735596e-01
9.385014772415161133e-01
4.333359003067016602e-01
4.490194618701934814e-01
2.533108592033386230e-01
4.855345189571380615e-01
3.427623510360717773e-01
3.135769665241241455e-01
4.050063192844390869e-01
2.917868494987487793e-01
3.220825791358947754e-01
6.236369609832763672e-01
4.126380980014801025e-01
6.122776865959167480e-01
4.006026983261108398e-01
7.792444229125976562e-01
6.508277058601379395e-01
4.877202808856964111e-01
3.317894935607910156e-01
5.327838063240051270e-01
2.325438857078552246e-01
4.214092195034027100e-01
2.853191792964935303e-01
3.246659040451049805e-01
4.124858379364013672e-01
2.828742265701293945e-01
4.930221736431121826e-01
2.298249900341033936e-01
5.781495571136474609e-01
2.466841042041778564e-01
2.945540249347686768e-01
4.121293425559997559e-01
2.471216917037963867e-01
2.721872925758361816e-01
3.279111683368682861e-01
3.643398582935333252e-01
3.191139101982116699e-01
4.440741837024688721e-01
2.827618122100830078e-01
2.695392072200775146e-01
2.912827134132385254e-01
5.272192358970642090e-01
3.795040249824523926e-01
3.562234044075012207e-01
5.363966822624206543e-01
4.940600395202636719e-01
4.837613701820373535e-01
3.088942766189575195e-01
6.827486157417297363e-01
2.138138562440872192e-01
4.253213107585906982e-01
6.310911774635314941e-01
2.866671979427337646e-01
6.674118041992187500e-01
4.123527407646179199e-01
4.054482579231262207e-01
3.053490221500396729e-01
4.592093229293823242e-01
3.268406987190246582e-01
6.240968108177185059e-01
3.414746224880218506e-01
5.577251911163330078e-01
3.546655774116516113e-01
2.634642720222473145e-01
2.077496051788330078e-01
3.296972513198852539e-01
3.656699061393737793e-01
2.157023996114730835e-01
4.880318343639373779e-01
5.918152928352355957e-01
3.231596052646636963e-01
1.865201145410537720e-01
7.472876906394958496e-01
4.197777211666107178e-01
3.299433887004852295e-01
2.071494460105895996e-01
1.138168647885322571e-01
3.227180242538452148e-01
3.691004812717437744e-01
2.643163502216339111e-01
2.885951101779937744e-01
6.235082745552062988e-01
5.454753637313842773e-01
4.869824945926666260e-01
4.843211472034454346e-01
2.557570040225982666e-01
3.363752365112304688e-01
5.612555742263793945e-01
7.838072776794433594e-01
3.441343605518341064e-01
7.777755856513977051e-01
3.506315946578979492e-01
2.922480404376983643e-01
2.294944226741790771e-01
2.539240717887878418e-01
4.795890450477600098e-01
2.573163807392120361e-01
4.799110889434814453e-01
4.161388278007507324e-01
2.939054071903228760e-01
5.383659005165100098e-01
2.827188968658447266e-01
1.857334375381469727e-01
2.660574316978454590e-01
1.929043680429458618e-01
8.314206004142761230e-01
2.821480035781860352e-01
7.270270586013793945e-01
7.640640735626220703e-01
4.749693572521209717e-01
3.688968718051910400e-01
2.458890527486801147e-01
4.970045089721679688e-01
2.726371884346008301e-01
3.202266097068786621e-01
4.873385429382324219e-01
3.028818964958190918e-01
4.940370321273803711e-01
3.092895150184631348e-01
2.140405327081680298e-01
6.373077630996704102e-01
6.217939257621765137e-01
4.080355167388916016e-01
5.093439817428588867e-01
2.693157792091369629e-01
2.905767261981964111e-01
3.129283189773559570e-01
3.949362039566040039e-01
2.210584431886672974e-01
6.362343430519104004e-01
8.147716522216796875e-01
1.712994724512100220e-01
4.378317892551422119e-01
2.573010623455047607e-01
4.496928751468658447e-01
4.916236102581024170e-01
8.016616702079772949e-01
5.819211006164550781e-01
3.614844679832458496e-01
3.251881301403045654e-01
8.058257699012756348e-01
3.264810442924499512e-01
2.604729235172271729e-01
2.911393046379089355e-01
7.388331890106201172e-01
4.542902112007141113e-01
6.611237525939941406e-01
2.563264071941375732e-01
4.165383279323577881e-01
3.290742635726928711e-01
5.162473917007446289e-01
4.336590766906738281e-01
4.561354219913482666e-01
2.110910415649414062e-01
5.022393465042114258e-01
5.110049247741699219e-01
5.658897757530212402e-01
3.570230305194854736e-01
3.691534996032714844e-01
4.818568527698516846e-01
2.649526000022888184e-01
2.709086537361145020e-01
3.996461629867553711e-01
2.921133339405059814e-01
7.535006999969482422e-01
4.393958151340484619e-01
4.227463304996490479e-01
2.908523976802825928e-01
4.502611160278320312e-01
2.965492010116577148e-01
4.736448228359222412e-01
2.406862229108810425e-01
3.114830851554870605e-01
3.135550320148468018e-01
5.228489637374877930e-01
3.774392604827880859e-01
3.234764933586120605e-01
4.336241483688354492e-01
4.120379984378814697e-01
3.738309144973754883e-01
5.481474399566650391e-01
5.443244576454162598e-01
2.830652594566345215e-01
4.633275270462036133e-01
3.470981717109680176e-01
5.934776067733764648e-01
1.840974390506744385e-01
4.139363169670104980e-01
3.742454051971435547e-01
4.787895679473876953e-01
2.692687511444091797e-01
5.431551337242126465e-01
3.122540712356567383e-01
7.258169054985046387e-01
3.280799090862274170e-01
3.333465456962585449e-01
2.547178268432617188e-01
5.102568268775939941e-01
4.762772917747497559e-01
3.266240954399108887e-01
6.967893242835998535e-01
3.888446390628814697e-01
4.614339172840118408e-01
2.042114883661270142e-01
3.604738414287567139e-01
3.934050202369689941e-01
4.300894439220428467e-01
2.427330613136291504e-01
4.916367530822753906e-01
7.007190585136413574e-01
3.811561465263366699e-01
5.449849367141723633e-01
4.448500573635101318e-01
3.728300929069519043e-01
3.673943877220153809e-01
3.977741897106170654e-01
2.905265390872955322e-01
4.463140666484832764e-01
5.109928846359252930e-01
3.611822426319122314e-01
4.355207979679107666e-01
8.546359539031982422e-01
2.316494733095169067e-01
1.365398466587066650e-01
7.589780092239379883e-01
4.536412954330444336e-01
3.972678184509277344e-01
6.040228009223937988e-01
3.596735298633575439e-01
1.670361757278442383e-01
8.434334993362426758e-01
2.170695811510086060e-01
6.339398622512817383e-01
4.231332242488861084e-01
3.974307477474212646e-01
7.322308421134948730e-01
4.414103329181671143e-01
6.439273357391357422e-01
2.730458676815032959e-01
2.969957590103149414e-01
8.896775841712951660e-01
3.696086406707763672e-01
1.899803131818771362e-01
6.683701872825622559e-01
4.915889203548431396e-01
3.361991941928863525e-01
3.552814424037933350e-01
3.837447166442871094e-01
3.307771980762481689e-01
5.033322572708129883e-01
5.350580811500549316e-01
4.369077980518341064e-01
2.912306785583496094e-01
4.874725341796875000e-01
6.282895207405090332e-01
4.942626059055328369e-01
3.202535510063171387e-01
6.198562383651733398e-01
6.965836882591247559e-01
5.440694093704223633e-01
2.310519218444824219e-01
3.547773659229278564e-01
7.416205406188964844e-01
2.654359042644500732e-01
5.411972999572753906e-01
2.975376546382904053e-01
3.139753639698028564e-01
2.209314107894897461e-01
2.780663073062896729e-01
8.137557506561279297e-01
4.643394351005554199e-01
4.734901785850524902e-01
5.770702958106994629e-01
1.878599524497985840e-01
4.036226868629455566e-01
4.568750560283660889e-01
6.644871234893798828e-01
2.260031402111053467e-01
4.953208267688751221e-01
4.436547458171844482e-01
3.046332001686096191e-01
2.290991544723510742e-01
4.882420003414154053e-01
2.425332665443420410e-01
3.577737212181091309e-01
5.235292911529541016e-01
4.001983702182769775e-01
3.178945183753967285e-01
4.468157291412353516e-01
1.500761955976486206e-01
7.665274143218994141e-01
3.927914202213287354e-01
2.950015068054199219e-01
2.502311766147613525e-01
5.199372172355651855e-01
6.546640396118164062e-01
2.229156047105789185e-01
3.485621809959411621e-01
6.703855395317077637e-01
7.308400273323059082e-01
3.311457335948944092e-01
4.128243327140808105e-01
4.674539864063262939e-01
2.611259818077087402e-01
2.618861794471740723e-01
5.008198022842407227e-01
1.796461194753646851e-01
3.522956669330596924e-01
3.760562241077423096e-01
2.362368702888488770e-01
2.983636856079101562e-01
5.442672371864318848e-01
4.957585632801055908e-01
5.601551532745361328e-01
5.914506912231445312e-01
5.512370467185974121e-01
2.220788598060607910e-01
4.980191290378570557e-01
3.849723339080810547e-01
5.776983499526977539e-01
4.156507551670074463e-01
6.594654917716979980e-01
3.213294148445129395e-01
6.638978123664855957e-01
6.638954877853393555e-01
3.980666697025299072e-01
3.305571377277374268e-01
4.380852878093719482e-01
3.057118058204650879e-01
5.488745570182800293e-01
4.090873003005981445e-01
2.798388004302978516e-01
3.984099030494689941e-01
4.274596571922302246e-01
5.085037350654602051e-01
6.584257483482360840e-01
6.236095428466796875e-01
2.992209494113922119e-01
3.093518912792205811e-01
5.493037104606628418e-01
6.450164318084716797e-01
5.378039479255676270e-01
2.675993442535400391e-01
4.979476928710937500e-01
5.612058639526367188e-01
4.668194949626922607e-01
4.401192665100097656e-01
2.652351260185241699e-01
2.842256128787994385e-01
3.644192218780517578e-01
3.088742792606353760e-01
3.880683183670043945e-01
2.485589087009429932e-01
5.064362287521362305e-01
1.989653855562210083e-01
3.492959737777709961e-01
5.140593647956848145e-01
5.228433609008789062e-01
3.953615427017211914e-01
3.126106858253479004e-01
2.521515488624572754e-01
2.841334342956542969e-01
1.877452433109283447e-01
2.698749005794525146e-01
5.952657461166381836e-01
6.214141845703125000e-01
3.714689910411834717e-01
3.642891347408294678e-01
5.733796954154968262e-01
5.206819176673889160e-01
6.415027379989624023e-01
4.634905755519866943e-01
1.919296085834503174e-01
5.243180394172668457e-01
2.615284025669097900e-01
7.856696844100952148e-01
2.099601924419403076e-01
6.538969874382019043e-01
4.709160923957824707e-01
1.879106909036636353e-01
4.957378506660461426e-01
3.357093334197998047e-01
3.430133759975433350e-01
3.570719659328460693e-01
3.798804283142089844e-01
3.307949304580688477e-01
4.195486307144165039e-01
3.698053956031799316e-01
1.974295824766159058e-01
3.401397466659545898e-01
2.990471422672271729e-01
6.911243796348571777e-01
1.648459881544113159e-01
3.659901320934295654e-01
2.278957962989807129e-01
5.340960621833801270e-01
4.077717363834381104e-01
3.100089728832244873e-01
3.883598148822784424e-01
4.365385174751281738e-01
2.875819802284240723e-01
3.083425760269165039e-01
5.199226737022399902e-01
3.222435712814331055e-01
3.950342237949371338e-01
1.980616003274917603e-01
2.111765742301940918e-01
2.939503192901611328e-01
7.115507125854492188e-01
4.627742171287536621e-01
1.768188476562500000e-01
7.952274680137634277e-01
5.510241985321044922e-01
2.574178576469421387e-01
3.766875863075256348e-01
3.156923055648803711e-01
5.637490749359130859e-01
2.639620304107666016e-01
4.956313669681549072e-01
3.605179190635681152e-01
4.477334618568420410e-01
3.363252282142639160e-01
4.970246255397796631e-01
4.135571122169494629e-01
4.131917953491210938e-01
3.840712904930114746e-01
1.595374047756195068e-01
3.821975886821746826e-01
1.774385124444961548e-01
4.190926551818847656e-01
3.394749462604522705e-01
5.253746509552001953e-01
2.742415070533752441e-01
2.242400348186492920e-01
2.369422614574432373e-01
3.449853360652923584e-01
5.276928544044494629e-01
2.221297621726989746e-01
3.053255379199981689e-01
4.429415762424468994e-01
2.861430644989013672e-01
6.507982015609741211e-01
3.996025621891021729e-01
6.575284004211425781e-01
6.079269647598266602e-01
2.938121557235717773e-01
2.545054852962493896e-01
3.876343369483947754e-01
4.607118964195251465e-01
8.702633976936340332e-01
4.567906558513641357e-01
7.472773790359497070e-01
5.607722997665405273e-01
3.783428668975830078e-01
3.088961839675903320e-01
3.113343417644500732e-01
2.090439051389694214e-01
5.483714938163757324e-01
3.838479816913604736e-01
3.630320727825164795e-01
4.855019152164459229e-01
4.091424942016601562e-01
4.780015945434570312e-01
2.489373087882995605e-01
3.110718727111816406e-01
3.327918052673339844e-01
3.658671677112579346e-01
2.290433347225189209e-01
4.044165611267089844e-01
6.694310307502746582e-01
2.383107095956802368e-01
6.473385691642761230e-01
1.707530319690704346e-01
5.752943158149719238e-01
4.674568176269531250e-01
4.920943081378936768e-01
2.100091129541397095e-01
4.262379407882690430e-01
3.443972766399383545e-01
1.934662163257598877e-01
3.479363918304443359e-01
2.866483628749847412e-01
3.829607963562011719e-01
3.048000037670135498e-01
2.471119314432144165e-01
5.589547157287597656e-01
4.377370178699493408e-01
3.038186728954315186e-01
5.125569105148315430e-01
4.477794170379638672e-01
4.206976592540740967e-01
3.038309216499328613e-01
7.501474618911743164e-01
3.048878312110900879e-01
3.480242490768432617e-01
6.146782040596008301e-01
6.178324222564697266e-01
6.140004992485046387e-01
7.437106966972351074e-01
4.625616073608398438e-01
3.126136362552642822e-01
2.736672461032867432e-01
3.682622611522674561e-01
3.533092737197875977e-01
4.444727599620819092e-01
8.507523536682128906e-01
4.244032502174377441e-01
4.102850258350372314e-01
2.904085516929626465e-01
4.144526720046997070e-01
2.563749253749847412e-01
5.317631363868713379e-01
2.634269595146179199e-01
6.126243472099304199e-01
3.423404097557067871e-01
1.599783003330230713e-01
4.686209857463836670e-01
3.942396342754364014e-01
3.024069368839263916e-01
4.598985612392425537e-01
5.569069385528564453e-01
4.899425506591796875e-01
4.583130776882171631e-01
3.394679129123687744e-01
2.599564194679260254e-01
3.125452995300292969e-01
2.534310519695281982e-01
4.210910499095916748e-01
7.208734750747680664e-01
7.304216623306274414e-01
3.585479557514190674e-01
3.977069258689880371e-01
3.308079540729522705e-01
4.761817753314971924e-01
2.418913990259170532e-01
2.434983104467391968e-01
4.580313861370086670e-01
6.011418104171752930e-01
3.382988274097442627e-01
3.414115309715270996e-01
3.132108151912689209e-01
5.704955458641052246e-01
5.072175860404968262e-01
4.944558143615722656e-01
5.610780119895935059e-01
4.787376523017883301e-01
6.103364825248718262e-01
7.395321130752563477e-01
