8.460400700569152832e-01
6.606383919715881348e-01
3.241389989852905273e-01
6.956164836883544922e-01
5.182389020919799805e-01
6.347937583923339844e-01
5.737193226814270020e-01
3.996546864509582520e-01
2.296680063009262085e-01
4.508565366268157959e-01
5.118211507797241211e-01
2.378792315721511841e-01
6.146593689918518066e-01
5.088664293289184570e-01
3.164575099945068359e-01
5.684847235679626465e-01
7.691647410392761230e-01
7.591978311538696289e-01
2.802760303020477295e-01
4.007026553153991699e-01
6.512638330459594727e-01
6.888592839241027832e-01
5.045167803764343262e-01
3.161978423595428467e-01
7.610029578208923340e-01
2.688118815422058105e-01
7.102910280227661133e-01
3.238739967346191406e-01
4.864235222339630127e-01
6.317699551582336426e-01
6.682744622230529785e-01
2.694438397884368896e-01
3.068658709526062012e-01
3.743812739849090576e-01
5.808863639831542969e-01
5.941423773765563965e-01
5.094083547592163086e-01
6.020948290824890137e-01
3.565748035907745361e-01
7.337422966957092285e-01
6.451276540756225586e-01
3.806128203868865967e-01
6.698505282402038574e-01
6.187193989753723145e-01
2.611179351806640625e-01
4.214515686035156250e-01
2.689469456672668457e-01
3.256293535232543945e-01
2.533982098102569580e-01
7.194837331771850586e-01
5.700670480728149414e-01
3.506888151168823242e-01
3.089891970157623291e-01
6.991235613822937012e-01
2.650069892406463623e-01
4.654742181301116943e-01
2.860368788242340088e-01
4.611353874206542969e-01
4.969511926174163818e-01
3.241472542285919189e-01
4.480121731758117676e-01
5.197820067405700684e-01
7.559934854507446289e-01
5.476679205894470215e-01
4.067241847515106201e-01
5.237989425659179688e-01
6.250734329223632812e-01
4.883106052875518799e-01
6.812055706977844238e-01
5.287395119667053223e-01
2.772895693778991699e-01
6.158832907676696777e-01
5.624234676361083984e-01
5.679012537002563477e-01
5.819661021232604980e-01
7.625917792320251465e-01
2.431939095258712769e-01
5.053264498710632324e-01
3.206910192966461182e-01
5.978864431381225586e-01
3.755172789096832275e-01
3.150112032890319824e-01
4.292877018451690674e-01
3.937807083129882812e-01
5.535632967948913574e-01
4.697508811950683594e-01
8.137038946151733398e-01
5.190886259078979492e-01
2.586838603019714355e-01
3.442214131355285645e-01
5.572135448455810547e-01
6.282513141632080078e-01
3.029514253139495850e-01
2.368739396333694458e-01
2.888423502445220947e-01
6.294236183166503906e-01
4.357313215732574463e-01
4.208417832851409912e-01
3.148289918899536133e-01
3.141048848628997803e-01
5.996366739273071289e-01
3.740643858909606934e-01
5.471777319908142090e-01
5.612528920173645020e-01
5.507579445838928223e-01
4.744127392768859863e-01
3.786120712757110596e-01
2.824549973011016846e-01
3.287449479103088379e-01
3.409595191478729248e-01
4.924572110176086426e-01
4.215616583824157715e-01
5.043632984161376953e-01
3.417844772338867188e-01
5.941748619079589844e-01
4.523239433765411377e-01
6.351146697998046875e-01
4.607455134391784668e-01
6.869780421257019043e-01
4.150678217411041260e-01
3.943589329719543457e-01
4.418424665927886963e-01
2.918056547641754150e-01
5.578830838203430176e-01
4.766170978546142578e-01
3.414874970912933350e-01
3.382552266120910645e-01
5.484955906867980957e-01
6.193455457687377930e-01
3.648772835731506348e-01
2.051346153020858765e-01
3.257574141025543213e-01
6.142148375511169434e-01
7.520494461059570312e-01
3.472464978694915771e-01
6.293321251869201660e-01
6.498283147811889648e-01
3.118814229965209961e-01
3.263850510120391846e-01
3.145572245121002197e-01
4.193859100341796875e-01
4.707457721233367920e-01
7.820501923561096191e-01
3.230599462985992432e-01
3.852705359458923340e-01
4.597301185131072998e-01
4.266737699508666992e-01
3.647120594978332520e-01
3.041072785854339600e-01
4.258757829666137695e-01
3.828984200954437256e-01
2.264600098133087158e-01
2.945925891399383545e-01
5.718300938606262207e-01
2.808483839035034180e-01
4.135799705982208252e-01
5.020877122879028320e-01
4.055584967136383057e-01
3.765805959701538086e-01
4.880150258541107178e-01
5.427594780921936035e-01
5.691705942153930664e-01
3.502765893936157227e-01
5.111645460128784180e-01
6.338818669319152832e-01
2.966503202915191650e-01
5.507853031158447266e-01
5.887181758880615234e-01
3.948980569839477539e-01
2.733240127563476562e-01
3.479474186897277832e-01
2.908327579498291016e-01
3.149167001247406006e-01
4.092936813831329346e-01
3.185879290103912354e-01
4.477978944778442383e-01
3.585313260555267334e-01
4.365923106670379639e-01
7.637152075767517090e-01
8.383543491363525391e-01
2.014883458614349365e-01
4.855772256851196289e-01
4.228587746620178223e-01
2.195394039154052734e-01
6.699169874191284180e-01
4.039986729621887207e-01
5.795161128044128418e-01
4.272309839725494385e-01
7.254546880722045898e-01
4.378990828990936279e-01
2.102735191583633423e-01
7.826197147369384766e-01
2.926360964775085449e-01
3.580846190452575684e-01
2.886070013046264648e-01
3.854276239871978760e-01
2.875573337078094482e-01
4.369947910308837891e-01
5.671603083610534668e-01
3.922697901725769043e-01
4.034981727600097656e-01
2.799090743064880371e-01
2.702628374099731445e-01
2.344439178705215454e-01
6.644796729087829590e-01
2.984246313571929932e-01
3.213486373424530029e-01
5.449076294898986816e-01
3.079035878181457520e-01
3.710238337516784668e-01
3.511883616447448730e-01
3.436517417430877686e-01
4.248201847076416016e-01
4.066988825798034668e-01
2.214829027652740479e-01
2.024269998073577881e-01
2.499533146619796753e-01
7.416575551033020020e-01
3.960432112216949463e-01
2.265988290309906006e-01
3.027342855930328369e-01
4.410115480422973633e-01
3.690223395824432373e-01
3.956722617149353027e-01
3.053959012031555176e-01
5.271682739257812500e-01
5.688568353652954102e-01
4.796172678470611572e-01
4.521738886833190918e-01
6.319001317024230957e-01
5.535629391670227051e-01
3.747984468936920166e-01
3.757928013801574707e-01
6.214022636413574219e-01
7.278841137886047363e-01
5.754866003990173340e-01
6.541911363601684570e-01
3.279007077217102051e-01
3.326933085918426514e-01
4.203095436096191406e-01
3.806494176387786865e-01
6.124692559242248535e-01
4.366784989833831787e-01
4.140191897749900818e-02
5.493299961090087891e-01
5.700173377990722656e-01
4.849428534507751465e-01
6.290355920791625977e-01
3.656809031963348389e-01
3.972792029380798340e-01
6.915988922119140625e-01
2.859712541103363037e-01
4.119694828987121582e-01
4.882797300815582275e-01
2.891699671745300293e-01
5.444192290306091309e-01
3.816136419773101807e-01
6.250222325325012207e-01
7.211850881576538086e-01
4.907230138778686523e-01
3.390011191368103027e-01
5.214260220527648926e-01
5.360854268074035645e-01
5.540206432342529297e-01
5.972940325736999512e-01
4.914007782936096191e-01
5.825882554054260254e-01
5.849583745002746582e-01
5.077452659606933594e-01
2.651949524879455566e-01
4.865233302116394043e-01
2.297496497631072998e-01
6.164270043373107910e-01
5.860034227371215820e-01
5.339514613151550293e-01
4.906490147113800049e-01
2.427556067705154419e-01
3.902823626995086670e-01
7.286154031753540039e-01
3.932462930679321289e-01
3.312375843524932861e-01
5.127627253532409668e-01
3.984553217887878418e-01
2.222544401884078979e-01
4.526798427104949951e-01
5.890414118766784668e-01
4.486409127712249756e-01
3.248406946659088135e-01
4.584095180034637451e-01
3.694586157798767090e-01
3.581212460994720459e-01
2.804999053478240967e-01
3.142800331115722656e-01
3.480903804302215576e-01
7.124360799789428711e-01
6.251097321510314941e-01
3.353190720081329346e-01
7.013473510742187500e-01
5.221790671348571777e-01
4.862512350082397461e-01
4.040410518646240234e-01
4.096361696720123291e-01
7.081448435783386230e-01
5.820044279098510742e-01
5.796779990196228027e-01
3.336339294910430908e-01
3.567610085010528564e-01
4.891060888767242432e-01
2.259211391210556030e-01
5.572675466537475586e-01
4.938052594661712646e-01
7.865139245986938477e-01
7.801813483238220215e-01
5.251447558403015137e-01
5.455542802810668945e-01
2.487196922302246094e-01
5.748882889747619629e-01
2.037630379199981689e-01
2.637562751770019531e-01
3.387182056903839111e-01
3.921621739864349365e-01
2.900934815406799316e-01
8.627130389213562012e-01
2.705048322677612305e-01
4.389006197452545166e-01
8.133144974708557129e-01
4.827038645744323730e-01
5.354058146476745605e-01
5.471704602241516113e-01
5.285235047340393066e-01
2.807549834251403809e-01
2.235027402639389038e-01
3.089235424995422363e-01
2.477401793003082275e-01
5.757082104682922363e-01
5.553969144821166992e-01
5.716798901557922363e-01
4.537731409072875977e-01
6.601876616477966309e-01
3.815926611423492432e-01
4.614684879779815674e-01
3.208212852478027344e-01
8.120853304862976074e-01
7.027925848960876465e-01
3.017945289611816406e-01
4.533078074455261230e-01
4.240529537200927734e-01
6.065936684608459473e-01
4.880244433879852295e-01
3.684842586517333984e-01
2.207497060298919678e-01
3.074511885643005371e-01
3.143792450428009033e-01
3.965894579887390137e-01
2.403426766395568848e-01
9.319316148757934570e-01
6.289196014404296875e-01
3.664120137691497803e-01
7.078077793121337891e-01
4.031366109848022461e-01
4.264098703861236572e-01
3.186743259429931641e-01
3.785844147205352783e-01
3.206149637699127197e-01
4.475433826446533203e-01
2.566106319427490234e-01
4.637644290924072266e-01
2.976052761077880859e-01
3.740918338298797607e-01
4.839384853839874268e-01
5.798414945602416992e-01
2.973220944404602051e-01
4.970099329948425293e-01
5.193233489990234375e-01
2.068080902099609375e-01
2.488214373588562012e-01
6.826205849647521973e-01
3.026330471038818359e-01
5.550929307937622070e-01
4.253343045711517334e-01
2.251006066799163818e-01
3.311694562435150146e-01
5.056782364845275879e-01
3.637338578701019287e-01
7.036225795745849609e-01
5.866249799728393555e-01
3.604946434497833252e-01
1.936483979225158691e-01
5.080517530441284180e-01
4.336431920528411865e-01
3.286965787410736084e-01
6.925073862075805664e-01
5.106884837150573730e-01
6.169018745422363281e-01
4.246620237827301025e-01
2.127907425165176392e-01
2.114687114953994751e-01
8.161343932151794434e-01
6.161150336265563965e-01
4.557861983776092529e-01
3.061431050300598145e-01
3.983223438262939453e-01
3.697824478149414062e-01
5.220692157745361328e-01
3.910645544528961182e-01
4.093228876590728760e-01
6.144340038299560547e-01
5.134301185607910156e-01
1.968425326049327850e-02
3.273284733295440674e-01
2.809092104434967041e-01
3.100608587265014648e-01
5.322003364562988281e-01
4.425600171089172363e-01
3.619287610054016113e-01
3.418504297733306885e-01
3.446520566940307617e-01
5.698792338371276855e-01
8.785279393196105957e-01
2.788253724575042725e-01
2.916623651981353760e-01
7.239059805870056152e-01
2.871814072132110596e-01
6.393141746520996094e-01
2.204769290983676910e-02
2.817625105381011963e-01
3.668676912784576416e-01
5.200799703598022461e-01
2.643287479877471924e-01
2.967030704021453857e-01
4.613985717296600342e-01
2.575441300868988037e-01
3.286682069301605225e-01
4.788804054260253906e-01
5.969101786613464355e-01
3.676957786083221436e-01
3.076822757720947266e-01
3.741000294685363770e-01
4.241448640823364258e-01
3.745046257972717285e-01
7.696933746337890625e-01
2.927958369255065918e-01
2.932768464088439941e-01
4.054708480834960938e-01
5.429747700691223145e-01
3.399209082126617432e-01
5.860382914543151855e-01
6.397010087966918945e-01
4.173798561096191406e-01
3.854676187038421631e-01
5.764433145523071289e-01
3.769249320030212402e-01
5.864382386207580566e-01
3.768409490585327148e-01
7.238451242446899414e-01
7.833375334739685059e-01
4.498574137687683105e-01
3.677700161933898926e-01
4.997360110282897949e-01
4.215518534183502197e-01
6.210242509841918945e-01
4.735363423824310303e-01
3.435133397579193115e-01
5.637298226356506348e-01
3.102560341358184814e-01
6.953521370887756348e-01
2.387460321187973022e-01
6.663916110992431641e-01
4.477979838848114014e-01
4.708746075630187988e-01
2.740896344184875488e-01
4.252153337001800537e-01
3.084863424301147461e-01
3.407622575759887695e-01
4.770896434783935547e-01
4.917724728584289551e-01
5.699251294136047363e-01
2.722371816635131836e-01
2.742183208465576172e-01
2.541113197803497314e-01
5.182956457138061523e-01
5.688898563385009766e-01
5.260246992111206055e-01
4.074062108993530273e-01
4.428703486919403076e-01
5.180624127388000488e-01
3.602543473243713379e-01
8.288338184356689453e-01
3.355376422405242920e-01
5.426763296127319336e-01
6.875890493392944336e-01
2.372051179409027100e-01
7.900614738464355469e-01
4.115399718284606934e-01
3.864333629608154297e-01
4.204508066177368164e-01
3.572933077812194824e-01
3.574592471122741699e-01
6.148431301116943359e-01
5.389997959136962891e-01
6.172575950622558594e-01
4.564298987388610840e-01
2.915056943893432617e-01
2.680121064186096191e-01
2.531855702400207520e-01
2.706546485424041748e-01
2.080546021461486816e-01
3.169544637203216553e-01
5.640497803688049316e-01
3.644725680351257324e-01
2.483821511268615723e-01
7.970924377441406250e-01
3.486570417881011963e-01
5.193519592285156250e-01
3.848391175270080566e-01
1.385709196329116821e-01
3.574168086051940918e-01
5.966938734054565430e-01
3.225010633468627930e-01
4.289807677268981934e-01
5.062040686607360840e-01
4.460431337356567383e-01
6.392315626144409180e-01
3.108417987823486328e-01
4.338513910770416260e-01
3.530921339988708496e-01
4.969713389873504639e-01
3.812918066978454590e-01
7.496616244316101074e-01
2.810339033603668213e-01
5.901798009872436523e-01
4.844076633453369141e-01
6.968817710876464844e-01
4.118714630603790283e-01
3.404454886913299561e-01
5.719175338745117188e-01
3.486418724060058594e-01
5.199573636054992676e-01
3.222786784172058105e-01
3.840315341949462891e-01
3.048757314682006836e-01
2.469925731420516968e-01
3.100179135799407959e-01
4.210897088050842285e-01
3.970667421817779541e-01
7.684999704360961914e-01
2.518989443778991699e-01
8.131650090217590332e-01
8.186625838279724121e-01
3.922888040542602539e-01
2.497704029083251953e-01
3.465338051319122314e-01
5.147888660430908203e-01
2.518629729747772217e-01
3.219131827354431152e-01
5.643974542617797852e-01
3.212230503559112549e-01
4.614152610301971436e-01
2.225240617990493774e-01
4.151605963706970215e-01
6.883504986763000488e-01
4.814263880252838135e-01
5.788295865058898926e-01
5.025118589401245117e-01
3.241156041622161865e-01
2.477423101663589478e-01
5.032075047492980957e-01
4.459139406681060791e-01
3.948353230953216553e-01
7.816035151481628418e-01
7.418885827064514160e-01
2.951858639717102051e-01
3.304139971733093262e-01
2.135961055755615234e-01
3.307891488075256348e-01
3.176066279411315918e-01
8.048011660575866699e-01
7.755406498908996582e-01
3.205107152462005615e-01
2.176920324563980103e-01
7.240604162216186523e-01
2.502496838569641113e-01
5.746637582778930664e-01
2.625155448913574219e-01
5.700976252555847168e-01
4.360545277595520020e-01
5.844611525535583496e-01
4.080226421356201172e-01
5.108365416526794434e-01
5.960164070129394531e-01
5.326406955718994141e-01
5.588327646255493164e-01
3.060821294784545898e-01
3.102225065231323242e-01
7.512063980102539062e-01
4.336724281311035156e-01
3.756160438060760498e-01
3.264105319976806641e-01
3.205371499061584473e-01
4.391216039657592773e-01
4.191980957984924316e-01
4.687306284904479980e-01
5.770846009254455566e-01
4.666785597801208496e-01
9.055738449096679688e-01
8.211228251457214355e-01
4.660362899303436279e-01
3.093541860580444336e-01
5.095583796501159668e-01
5.356888771057128906e-01
3.388319015502929688e-01
3.882736563682556152e-01
2.502016425132751465e-01
3.512929975986480713e-01
3.148717582225799561e-01
6.604933142662048340e-01
5.720266103744506836e-01
2.249917089939117432e-01
4.317111372947692871e-01
4.195392727851867676e-01
3.736478984355926514e-01
5.867632031440734863e-01
5.347838997840881348e-01
5.162205100059509277e-01
2.611295580863952637e-01
4.482633471488952637e-01
3.347282111644744873e-01
3.494507670402526855e-01
2.629344761371612549e-01
5.032073855400085449e-01
3.587836623191833496e-01
7.545880675315856934e-01
5.422520637512207031e-01
4.917835593223571777e-01
5.573154091835021973e-01
6.586022973060607910e-01
3.272628486156463623e-01
2.764092087745666504e-01
3.519164919853210449e-01
5.629029870033264160e-01
3.318351209163665771e-01
5.105301737785339355e-01
4.335756897926330566e-01
5.113821625709533691e-01
4.981874525547027588e-01
2.554279565811157227e-01
3.191423714160919189e-01
5.589917898178100586e-01
4.219588041305541992e-01
2.465428560972213745e-01
4.923094809055328369e-01
6.909135580062866211e-01
3.492695987224578857e-01
4.611157178878784180e-01
3.252403438091278076e-01
2.627390027046203613e-01
4.086787700653076172e-01
4.577080011367797852e-01
2.827782928943634033e-01
5.310816764831542969e-01
4.478426575660705566e-01
4.447336196899414062e-01
3.931396901607513428e-01
4.935916364192962646e-01
7.135666012763977051e-01
2.377147227525711060e-01
1.460266709327697754e-01
8.641716241836547852e-01
4.406971037387847900e-01
5.488007068634033203e-01
5.188294053077697754e-01
2.746347188949584961e-01
3.191297948360443115e-01
6.564273834228515625e-01
2.396440953016281128e-01
7.497376203536987305e-01
5.842620730400085449e-01
5.393747687339782715e-01
7.231444120407104492e-01
5.849797725677490234e-01
6.392917633056640625e-01
3.411482572555541992e-01
3.995942771434783936e-01
7.957046031951904297e-01
2.675767540931701660e-01
2.546176612377166748e-01
6.553552746772766113e-01
4.449938535690307617e-01
3.892255723476409912e-01
3.136784434318542480e-01
2.193410843610763550e-01
4.076782464981079102e-01
5.713730454444885254e-01
5.991564393043518066e-01
3.093051016330718994e-01
4.664544761180877686e-01
4.994631409645080566e-01
4.247324168682098389e-01
6.443718671798706055e-01
2.650665044784545898e-01
4.653714001178741455e-01
7.002377510070800781e-01
4.583661556243896484e-01
3.857374489307403564e-01
2.752106785774230957e-01
6.163149476051330566e-01
3.332670629024505615e-01
4.600850045680999756e-01
3.207817375659942627e-01
5.388871431350708008e-01
3.367937803268432617e-01
3.443249166011810303e-01
7.661873698234558105e-01
3.692891299724578857e-01
5.460752844810485840e-01
6.265165805816650391e-01
3.136442005634307861e-01
3.491530418395996094e-01
3.929695487022399902e-01
5.732980370521545410e-01
4.366326630115509033e-01
3.541066646575927734e-01
7.530456185340881348e-01
5.499234199523925781e-01
3.123071789741516113e-01
5.091979503631591797e-01
4.896734058856964111e-01
2.971323728561401367e-01
2.449745386838912964e-01
5.526203513145446777e-01
5.838338732719421387e-01
2.895646691322326660e-01
4.809313416481018066e-01
2.063846290111541748e-01
7.817853689193725586e-01
4.042405784130096436e-01
3.202020525932312012e-01
2.358915358781814575e-01
4.336174428462982178e-01
6.334965825080871582e-01
2.306186854839324951e-01
5.096681118011474609e-01
3.142518103122711182e-01
5.787296891212463379e-01
7.840259075164794922e-01
5.363688468933105469e-01
3.891287147998809814e-01
2.770253419876098633e-01
3.833050429821014404e-01
4.445096552371978760e-01
5.625113248825073242e-01
2.641171813011169434e-01
4.227349162101745605e-01
2.459492981433868408e-01
2.586969733238220215e-01
2.391731590032577515e-01
6.053963303565979004e-01
4.723069071769714355e-01
5.125006437301635742e-01
5.241284370422363281e-01
7.213903665542602539e-01
3.034883737564086914e-01
5.636684894561767578e-01
3.214830458164215088e-01
4.612268805503845215e-01
4.961343407630920410e-01
7.744523882865905762e-01
4.268356561660766602e-01
7.330197095870971680e-01
6.240862011909484863e-01
3.612963259220123291e-01
2.766955196857452393e-01
7.326425909996032715e-01
3.435338735580444336e-01
5.484170317649841309e-01
4.927166700363159180e-01
2.971886098384857178e-01
5.897578597068786621e-01
6.542906165122985840e-01
4.272462427616119385e-01
6.848068833351135254e-01
6.126366257667541504e-01
6.307896971702575684e-01
3.223826885223388672e-01
4.407979547977447510e-01
5.973291397094726562e-01
7.976202368736267090e-01
5.631042718887329102e-01
3.594634830951690674e-01
3.649427890777587891e-01
5.264170169830322266e-01
4.492783546447753906e-01
2.932920455932617188e-01
2.500147521495819092e-01
3.330753147602081299e-01
3.437177240848541260e-01
3.154501318931579590e-01
5.090636610984802246e-01
2.505151927471160889e-01
6.793923377990722656e-01
2.150678783655166626e-01
5.504622459411621094e-01
4.623244106769561768e-01
6.508162021636962891e-01
3.473440408706665039e-01
2.497870773077011108e-01
2.113306075334548950e-01
4.859892129898071289e-01
1.981474012136459351e-01
3.224298357963562012e-01
5.794569849967956543e-01
7.594335675239562988e-01
5.362125039100646973e-01
3.025690019130706787e-01
3.327333033084869385e-01
6.565469503402709961e-01
5.680322051048278809e-01
5.779826641082763672e-01
4.464435875415802002e-01
3.663522601127624512e-01
5.844236016273498535e-01
4.916006624698638916e-01
7.328029274940490723e-01
2.662824392318725586e-01
4.646201431751251221e-01
4.482975304126739502e-01
2.948888540267944336e-01
4.654317796230316162e-01
5.507808923721313477e-01
7.613429427146911621e-01
3.955286145210266113e-01
4.429208338260650635e-01
4.082730412483215332e-01
5.998533368110656738e-01
5.051695704460144043e-01
3.385443389415740967e-01
5.959692001342773438e-01
3.271436393260955811e-01
7.230421304702758789e-01
4.647402465343475342e-01
4.100055992603302002e-01
3.511104881763458252e-01
3.093393146991729736e-01
5.816374421119689941e-01
4.331596195697784424e-01
3.139824867248535156e-01
3.361120820045471191e-01
2.737181782722473145e-01
3.178066313266754150e-01
4.821530282497406006e-01
4.646296203136444092e-01
4.006194472312927246e-01
3.852109014987945557e-01
1.964473873376846313e-01
2.877708673477172852e-01
8.141648173332214355e-01
3.666991293430328369e-01
2.915400564670562744e-01
7.598909139633178711e-01
6.747474670410156250e-01
4.112159609794616699e-01
4.428096711635589600e-01
2.652060389518737793e-01
4.805356562137603760e-01
4.051040410995483398e-01
4.375604093074798584e-01
3.750234544277191162e-01
5.578093528747558594e-01
2.858549654483795166e-01
6.486773490905761719e-01
3.829021155834197998e-01
2.951089739799499512e-01
4.996462762355804443e-01
2.520617544651031494e-01
3.103016614913940430e-01
2.949647605419158936e-01
4.480458199977874756e-01
2.710441350936889648e-01
4.336287677288055420e-01
4.814739823341369629e-01
3.197657167911529541e-01
2.620121836662292480e-01
3.244496285915374756e-01
3.322022557258605957e-01
3.398827314376831055e-01
3.059295713901519775e-01
4.831719398498535156e-01
3.148825168609619141e-01
3.987633883953094482e-01
7.103096842765808105e-01
6.220206022262573242e-01
8.316668868064880371e-01
6.305013298988342285e-01
4.454063475131988525e-01
3.637128770351409912e-01
7.340528964996337891e-01
7.578269839286804199e-01
4.271478354930877686e-01
6.967171430587768555e-01
4.817342758178710938e-01
7.696042656898498535e-01
7.272638678550720215e-01
4.990064501762390137e-01
2.903032898902893066e-01
5.275918841361999512e-01
2.808615863323211670e-01
4.802674651145935059e-01
4.121732115745544434e-01
5.267221331596374512e-01
5.373067855834960938e-01
4.600322544574737549e-01
7.956898808479309082e-01
3.566803634166717529e-01
4.181101322174072266e-01
2.313889414072036743e-01
3.174460828304290771e-01
2.383273839950561523e-01
3.715037703514099121e-01
6.808228492736816406e-01
2.969455420970916748e-01
6.782517433166503906e-01
2.068934738636016846e-01
7.311488389968872070e-01
4.824618995189666748e-01
3.746086061000823975e-01
2.342810630798339844e-01
3.836460411548614502e-01
4.312736093997955322e-01
2.685581445693969727e-01
5.213263034820556641e-01
4.715452194213867188e-01
3.149066269397735596e-01
3.311544656753540039e-01
4.691022932529449463e-01
8.221822381019592285e-01
4.541404545307159424e-01
2.791328132152557373e-01
5.823785066604614258e-01
5.834787487983703613e-01
2.585155665874481201e-01
2.469861805438995361e-01
6.418802142143249512e-01
4.790924191474914551e-01
3.713922500610351562e-01
3.072650134563446045e-01
6.621834635734558105e-01
6.340780258178710938e-01
4.757079780101776123e-01
5.949509739875793457e-01
6.948002576828002930e-01
2.850650846958160400e-01
2.728681266307830811e-01
3.261116445064544678e-01
4.494046270847320557e-01
4.919014573097229004e-01
7.945495843887329102e-01
3.491354286670684814e-01
5.733186006546020508e-01
4.553913474082946777e-01
3.667861223220825195e-01
2.618291974067687988e-01
4.199651181697845459e-01
6.127676963806152344e-01
2.445263415575027466e-01
7.334313392639160156e-01
4.863031506538391113e-01
2.399570941925048828e-01
4.213391244411468506e-01
3.737729191780090332e-01
5.907329916954040527e-01
4.364531338214874268e-01
4.551956057548522949e-01
5.937897562980651855e-01
3.305736184120178223e-01
4.409922063350677490e-01
3.666719794273376465e-01
5.655437111854553223e-01
4.231982827186584473e-01
4.851483404636383057e-01
8.567132949829101562e-01
6.534614562988281250e-01
5.461503267288208008e-01
4.846573472023010254e-01
3.528699874877929688e-01
5.369345545768737793e-01
2.458308488130569458e-01
2.991440296173095703e-01
6.775592565536499023e-01
6.508675217628479004e-01
4.587673544883728027e-01
5.704543590545654297e-01
4.568194150924682617e-01
4.399545490741729736e-01
4.940203130245208740e-01
5.101885795593261719e-01
6.234753131866455078e-01
4.109240174293518066e-01
7.424051165580749512e-01
7.369586825370788574e-01
