8.395825624465942383e-01
4.027567505836486816e-01
9.091714620590209961e-01
4.901634454727172852e-01
2.862039208412170410e-01
2.971891462802886963e-01
3.063975870609283447e-01
4.315222799777984619e-01
5.205179452896118164e-01
7.664230465888977051e-01
3.554915487766265869e-01
4.785512685775756836e-01
7.286533713340759277e-01
2.968994975090026855e-01
4.301715791225433350e-01
7.973467111587524414e-01
3.811534941196441650e-01
9.087281823158264160e-01
4.419248998165130615e-01
7.514082789421081543e-01
6.299816966056823730e-01
6.944631338119506836e-01
5.829787254333496094e-01
7.347106933593750000e-01
3.189979791641235352e-01
5.380016565322875977e-01
5.672630667686462402e-01
7.545257210731506348e-01
4.432289898395538330e-01
4.739204645156860352e-01
2.369619458913803101e-01
7.570876479148864746e-01
5.695647001266479492e-01
7.416105270385742188e-01
9.311676621437072754e-01
8.468414545059204102e-01
2.693009674549102783e-01
3.337398767471313477e-01
2.346606850624084473e-01
5.142744779586791992e-01
5.385890007019042969e-01
6.169655323028564453e-01
7.621153593063354492e-01
2.764890789985656738e-01
5.620547533035278320e-01
5.519833564758300781e-01
3.517197668552398682e-01
4.793475866317749023e-01
3.775217533111572266e-01
8.023791313171386719e-01
6.172485351562500000e-01
7.640911936759948730e-01
7.318005561828613281e-01
7.073417305946350098e-01
3.468438088893890381e-01
2.823075056076049805e-01
5.698269605636596680e-01
2.782809138298034668e-01
3.439970612525939941e-01
7.108083963394165039e-01
4.485250711441040039e-01
4.663960337638854980e-01
6.686617732048034668e-01
8.660036921501159668e-01
3.647376000881195068e-01
2.598105669021606445e-01
6.800509691238403320e-01
3.772646784782409668e-01
5.303984284400939941e-01
7.091262936592102051e-01
8.598587512969970703e-01
3.828859925270080566e-01
9.754735827445983887e-01
4.012323021888732910e-01
4.776402711868286133e-01
4.820914864540100098e-01
4.027410149574279785e-01
6.074653267860412598e-01
4.010411798954010010e-01
4.267199933528900146e-01
5.084902644157409668e-01
3.263205289840698242e-01
2.606064081192016602e-01
4.852902889251708984e-01
5.292273163795471191e-01
4.034407734870910645e-01
6.761200428009033203e-01
2.863970100879669189e-01
3.732458949089050293e-01
3.320137262344360352e-01
4.490245282649993896e-01
2.030186504125595093e-01
8.682281374931335449e-01
5.985745191574096680e-01
4.352961480617523193e-01
2.701124846935272217e-01
3.071375191211700439e-01
6.864313483238220215e-01
2.813731729984283447e-01
2.865747809410095215e-01
3.942826986312866211e-01
6.314256191253662109e-01
5.897374153137207031e-01
6.126289963722229004e-01
4.010425209999084473e-01
3.961740732192993164e-01
3.674335479736328125e-01
5.025080442428588867e-01
3.151330649852752686e-01
4.815051555633544922e-01
5.053909420967102051e-01
6.641484498977661133e-01
5.381346940994262695e-01
8.252760171890258789e-01
4.334699213504791260e-01
4.113144874572753906e-01
4.161501824855804443e-01
7.366569042205810547e-01
7.288724184036254883e-01
9.016035199165344238e-01
2.837316095829010010e-01
5.380790233612060547e-01
5.933380126953125000e-01
7.205423712730407715e-01
2.721121609210968018e-01
6.994863748550415039e-01
3.477252423763275146e-01
2.837880551815032959e-01
5.176917314529418945e-01
3.973808884620666504e-01
5.139954090118408203e-01
3.154178261756896973e-01
7.332788705825805664e-01
4.983082711696624756e-01
7.998958230018615723e-01
3.353080451488494873e-01
7.506712675094604492e-01
5.242137908935546875e-01
3.030475378036499023e-01
5.669646263122558594e-01
4.742839336395263672e-01
2.455386519432067871e-01
3.239336907863616943e-01
5.125391483306884766e-01
5.665411949157714844e-01
3.620767295360565186e-01
3.643268644809722900e-01
4.615791738033294678e-01
6.763941049575805664e-01
2.044158577919006348e-01
7.737796902656555176e-01
4.957222342491149902e-01
3.391811251640319824e-01
3.332170248031616211e-01
5.953693985939025879e-01
7.683637738227844238e-01
3.608441650867462158e-01
3.854815959930419922e-01
2.499831914901733398e-01
7.842867374420166016e-01
5.945490002632141113e-01
4.162149131298065186e-01
5.845453143119812012e-01
3.243542313575744629e-01
3.061332702636718750e-01
3.322516083717346191e-01
5.821870565414428711e-01
8.003572821617126465e-01
4.314880073070526123e-01
7.164511084556579590e-01
3.307106196880340576e-01
5.938733220100402832e-01
4.238863885402679443e-01
4.099431931972503662e-01
4.872292280197143555e-01
2.735236287117004395e-01
3.935311734676361084e-01
3.649177253246307373e-01
2.906925678253173828e-01
5.241082906723022461e-01
5.641678571701049805e-01
4.689595997333526611e-01
2.104348093271255493e-01
5.528194308280944824e-01
7.068454623222351074e-01
4.255813956260681152e-01
3.882196545600891113e-01
4.453843533992767334e-01
5.567494034767150879e-01
6.135220527648925781e-01
3.834376037120819092e-01
2.985269725322723389e-01
5.468295216560363770e-01
7.501996159553527832e-01
7.157288193702697754e-01
4.425907433032989502e-01
2.697918415069580078e-01
3.461955487728118896e-01
6.074833273887634277e-01
8.079096078872680664e-01
5.011375546455383301e-01
4.067110419273376465e-01
5.768474340438842773e-01
5.325039625167846680e-01
4.796560704708099365e-01
1.001042872667312622e-01
6.551843285560607910e-01
3.683525621891021729e-01
8.627884387969970703e-01
4.005746245384216309e-01
4.890179336071014404e-01
4.188293516635894775e-01
5.823917388916015625e-01
3.509697020053863525e-01
4.041678309440612793e-01
5.170390605926513672e-01
3.649445176124572754e-01
4.304535984992980957e-01
5.277304053306579590e-01
2.535500526428222656e-01
4.574450552463531494e-01
6.264268755912780762e-01
6.282338500022888184e-01
4.060599803924560547e-01
6.534028053283691406e-01
6.014506220817565918e-01
4.850150942802429199e-01
3.182744681835174561e-01
3.814027905464172363e-01
5.332238078117370605e-01
7.027279138565063477e-01
4.491667151451110840e-01
3.020946085453033447e-01
3.012537360191345215e-01
3.970423042774200439e-01
7.106697559356689453e-01
4.165101051330566406e-01
2.939363718032836914e-01
4.092794954776763916e-01
7.451233267784118652e-01
3.085412085056304932e-01
5.289258360862731934e-01
2.184787690639495850e-01
3.277682662010192871e-01
5.021091103553771973e-01
3.996442854404449463e-01
6.492449045181274414e-01
3.476175963878631592e-01
5.040518045425415039e-01
4.162144958972930908e-01
4.933375120162963867e-01
4.670284986495971680e-01
3.660069406032562256e-01
4.918628931045532227e-01
5.286243557929992676e-01
6.491147279739379883e-01
4.466562271118164062e-01
7.548270225524902344e-01
2.934921383857727051e-01
2.488956749439239502e-01
4.519054889678955078e-01
1.979746371507644653e-01
1.772355288267135620e-01
2.367903739213943481e-01
3.670324385166168213e-01
6.366128921508789062e-01
2.736206054687500000e-01
6.756023168563842773e-01
7.277064323425292969e-01
6.479809880256652832e-01
8.312618136405944824e-01
5.367158651351928711e-01
2.147950828075408936e-01
2.601898014545440674e-01
2.456409484148025513e-01
4.272893667221069336e-01
4.281947612762451172e-01
6.478168368339538574e-01
5.211520195007324219e-01
4.474006593227386475e-01
4.574536085128784180e-01
8.418024778366088867e-01
5.231437683105468750e-01
3.609973192214965820e-01
3.814720511436462402e-01
6.809599399566650391e-01
3.227772414684295654e-01
4.997290670871734619e-01
4.553068876266479492e-01
7.606489062309265137e-01
4.328169226646423340e-01
4.820953607559204102e-01
4.153787493705749512e-01
3.980473279953002930e-01
8.636546730995178223e-01
6.995860934257507324e-01
4.732854962348937988e-01
5.750615000724792480e-01
5.400933623313903809e-01
3.791544139385223389e-01
3.909077942371368408e-01
3.902246057987213135e-01
4.737098515033721924e-01
3.557435572147369385e-01
6.178514957427978516e-01
7.723529338836669922e-01
6.838656663894653320e-01
2.774295210838317871e-01
7.888815402984619141e-01
2.595388591289520264e-01
4.405540227890014648e-01
6.571182012557983398e-01
2.954404056072235107e-01
3.191362023353576660e-01
2.974038124084472656e-01
5.073258876800537109e-01
4.058984518051147461e-01
6.530089378356933594e-01
5.482847690582275391e-01
3.216463923454284668e-01
1.403400897979736328e-01
6.047671437263488770e-01
6.505994200706481934e-01
7.163472175598144531e-01
7.818135023117065430e-01
4.002845883369445801e-01
2.494446635246276855e-01
3.684490919113159180e-01
6.038421392440795898e-01
7.016251087188720703e-01
5.127795338630676270e-01
3.481293320655822754e-01
4.630733430385589600e-01
6.043629050254821777e-01
7.153849601745605469e-01
4.085731208324432373e-01
6.180273741483688354e-02
5.528305768966674805e-01
3.820457160472869873e-01
3.960668444633483887e-01
6.404141783714294434e-01
3.919864594936370850e-01
3.489449620246887207e-01
4.542742669582366943e-01
3.751587867736816406e-01
5.037493705749511719e-01
3.084461987018585205e-01
2.755089402198791504e-01
6.527644395828247070e-01
3.993544578552246094e-01
8.463513255119323730e-01
4.758572280406951904e-01
2.885657548904418945e-01
7.665864825248718262e-01
2.906917631626129150e-01
5.488505363464355469e-01
3.569888174533843994e-01
2.258214950561523438e-01
6.705679297447204590e-01
7.441753745079040527e-01
5.591090321540832520e-01
3.590703010559082031e-01
4.713431298732757568e-01
4.216901659965515137e-01
6.778821349143981934e-01
8.013294339179992676e-01
3.143110573291778564e-01
6.975781917572021484e-01
4.796345233917236328e-01
3.327899873256683350e-01
4.618281126022338867e-01
7.993676662445068359e-01
5.391057133674621582e-01
9.002994298934936523e-01
5.148065686225891113e-01
7.548679709434509277e-01
6.886681318283081055e-01
5.514062643051147461e-01
5.049951672554016113e-01
3.716452717781066895e-01
3.451984524726867676e-01
4.176677167415618896e-01
4.831957817077636719e-01
5.394273400306701660e-01
3.768088817596435547e-01
7.249640226364135742e-01
2.973631620407104492e-01
4.527409970760345459e-01
5.383938550949096680e-01
3.086111247539520264e-01
4.644566774368286133e-01
3.766750395298004150e-01
4.401398301124572754e-01
3.276690840721130371e-01
5.219240188598632812e-01
3.813977539539337158e-01
7.562100291252136230e-01
6.380165219306945801e-01
8.504063487052917480e-01
3.871991932392120361e-01
3.982006013393402100e-01
6.346886754035949707e-01
6.028910279273986816e-01
5.469389557838439941e-01
4.632331430912017822e-01
1.980333030223846436e-01
4.669895172119140625e-01
7.402027845382690430e-01
3.627379536628723145e-01
4.225821495056152344e-01
5.790490508079528809e-01
3.537228703498840332e-01
6.391531229019165039e-01
4.152668714523315430e-01
6.719120144844055176e-01
3.197045922279357910e-01
3.343707025051116943e-01
2.835994362831115723e-01
4.371353983879089355e-01
4.440959990024566650e-01
3.626766204833984375e-01
6.760323047637939453e-01
7.197160720825195312e-01
4.531653523445129395e-01
2.709291279315948486e-01
7.589141726493835449e-01
5.542230010032653809e-01
3.737314641475677490e-01
2.712511718273162842e-01
1.227840259671211243e-01
4.694740474224090576e-01
7.070845961570739746e-01
2.977556884288787842e-01
6.453433036804199219e-01
8.162286281585693359e-01
7.386572360992431641e-01
6.144068241119384766e-01
6.600871682167053223e-01
3.159043490886688232e-01
7.594658136367797852e-01
7.840151786804199219e-01
4.306995570659637451e-01
8.550197482109069824e-01
2.794807851314544678e-01
2.716267108917236328e-01
5.425174832344055176e-01
3.902983963489532471e-01
4.530785679817199707e-01
5.795757174491882324e-01
3.827569484710693359e-01
7.301493287086486816e-01
3.875630199909210205e-01
1.919249594211578369e-01
3.734895586967468262e-01
2.649535536766052246e-01
9.402199983596801758e-01
3.797671794891357422e-01
6.571717262268066406e-01
6.475170850753784180e-01
4.421881139278411865e-01
3.075224757194519043e-01
4.192260205745697021e-01
4.908376634120941162e-01
6.649198532104492188e-01
3.685237765312194824e-01
7.292511463165283203e-01
3.363436758518218994e-01
2.329989969730377197e-01
7.734633088111877441e-01
8.105384707450866699e-01
7.507482171058654785e-01
4.354713261127471924e-01
3.983142077922821045e-01
4.731417894363403320e-01
6.090703010559082031e-01
2.877333164215087891e-01
7.385849952697753906e-01
2.247558385133743286e-01
5.890423059463500977e-01
4.349627196788787842e-01
5.949921011924743652e-01
6.464509963989257812e-01
5.029758810997009277e-01
4.496112763881683350e-01
9.230903983116149902e-01
4.770573377609252930e-01
2.452922612428665161e-01
5.302416682243347168e-01
7.896663546562194824e-01
5.018674135208129883e-01
7.110800147056579590e-01
3.670862019062042236e-01
5.227084755897521973e-01
4.223963618278503418e-01
6.758331656455993652e-01
5.261386036872863770e-01
7.388001680374145508e-01
3.663831055164337158e-01
5.327613949775695801e-01
7.152389287948608398e-01
7.022883296012878418e-01
4.701566696166992188e-01
4.349402189254760742e-01
3.742948174476623535e-01
3.918032348155975342e-01
7.735427021980285645e-01
6.159235239028930664e-01
4.785698056221008301e-01
6.724900007247924805e-01
4.193347692489624023e-01
6.588546633720397949e-01
3.202891051769256592e-01
5.798293352127075195e-01
3.350495100021362305e-01
4.990438520908355713e-01
5.367347002029418945e-01
5.523746609687805176e-01
3.349586725234985352e-01
6.069113612174987793e-01
3.989481627941131592e-01
4.745852351188659668e-01
6.483449935913085938e-01
2.406360507011413574e-01
5.285905003547668457e-01
7.058417201042175293e-01
3.067983388900756836e-01
7.258169054985046387e-01
5.223584771156311035e-01
5.034363269805908203e-01
2.959736585617065430e-01
6.280591487884521484e-01
6.053615212440490723e-01
6.824548840522766113e-01
5.054880380630493164e-01
5.187652707099914551e-01
2.314755171537399292e-01
4.923825562000274658e-01
5.046127438545227051e-01
3.228251338005065918e-01
6.056088805198669434e-01
7.792286276817321777e-01
5.755870342254638672e-01
8.979902267456054688e-01
5.858143568038940430e-01
5.372039079666137695e-01
5.182271599769592285e-01
5.310730934143066406e-01
3.748981356620788574e-01
5.595569610595703125e-01
6.641327738761901855e-01
3.998876512050628662e-01
4.042807221412658691e-01
8.923927545547485352e-01
3.718003332614898682e-01
1.260942965745925903e-01
8.148292303085327148e-01
5.144875645637512207e-01
6.795246601104736328e-01
7.657973170280456543e-01
5.132566094398498535e-01
2.254520654678344727e-01
8.434334993362426758e-01
4.629907608032226562e-01
4.711140096187591553e-01
3.942084312438964844e-01
5.134221315383911133e-01
3.280858099460601807e-01
3.757683336734771729e-01
9.308555126190185547e-01
5.318034887313842773e-01
2.569322586059570312e-01
6.628612279891967773e-01
7.802143096923828125e-01
4.758136272430419922e-01
4.364790022373199463e-01
5.267997980117797852e-01
4.453207850456237793e-01
5.446062684059143066e-01
6.521102786064147949e-01
5.019803047180175781e-01
8.015081882476806641e-01
6.579920053482055664e-01
4.014208614826202393e-01
8.241716027259826660e-01
7.233132719993591309e-01
5.483667254447937012e-01
8.089943528175354004e-01
2.801812291145324707e-01
6.804223060607910156e-01
3.952574431896209717e-01
3.308252990245819092e-01
4.187812507152557373e-01
3.630830049514770508e-01
8.137557506561279297e-01
6.078006029129028320e-01
2.169936299324035645e-01
5.561774373054504395e-01
7.325249314308166504e-01
2.313768267631530762e-01
5.458675622940063477e-01
4.118924140930175781e-01
4.013459682464599609e-01
5.910254716873168945e-01
2.732640504837036133e-01
5.558031201362609863e-01
5.160961747169494629e-01
4.763103425502777100e-01
4.982151985168457031e-01
5.759828090667724609e-01
2.110543698072433472e-01
5.671694874763488770e-01
4.189155697822570801e-01
3.094089925289154053e-01
6.799542903900146484e-01
2.957844138145446777e-01
5.006920695304870605e-01
7.965350747108459473e-01
3.960143625736236572e-01
6.633066534996032715e-01
5.663829445838928223e-01
2.745569944381713867e-01
4.002394378185272217e-01
7.122740745544433594e-01
2.379503995180130005e-01
5.230058431625366211e-01
4.844913482666015625e-01
3.216052949428558350e-01
4.466606378555297852e-01
7.082831263542175293e-01
8.637698888778686523e-01
6.991120576858520508e-01
5.959684848785400391e-01
4.495751261711120605e-01
6.748287677764892578e-01
6.205323934555053711e-01
4.799943268299102783e-01
6.594654917716979980e-01
4.374741315841674805e-01
6.778268218040466309e-01
7.329119443893432617e-01
5.838094353675842285e-01
6.048604249954223633e-01
5.389326214790344238e-01
4.011988937854766846e-01
3.872927129268646240e-01
4.381092190742492676e-01
5.223737955093383789e-01
7.063854336738586426e-01
3.662757575511932373e-01
6.500571966171264648e-01
5.321760773658752441e-01
3.509569764137268066e-01
6.560927033424377441e-01
6.365726590156555176e-01
5.449368953704833984e-01
6.463049650192260742e-01
3.380836248397827148e-01
3.407749235630035400e-01
5.439990162849426270e-01
3.230366110801696777e-01
4.434233903884887695e-01
3.013934195041656494e-01
3.324740529060363770e-01
4.287365376949310303e-01
7.519589066505432129e-01
4.744061529636383057e-01
4.197783172130584717e-01
3.361875712871551514e-01
3.511214554309844971e-01
3.180035650730133057e-01
3.356070816516876221e-01
7.622197866439819336e-01
5.263330936431884766e-01
7.278614640235900879e-01
6.969184279441833496e-01
6.336559057235717773e-01
6.578758955001831055e-01
6.427386999130249023e-01
2.556738257408142090e-01
6.915639638900756836e-01
8.229089379310607910e-01
2.662935256958007812e-01
8.165884613990783691e-01
6.999635100364685059e-01
1.984582990407943726e-01
6.713575124740600586e-01
3.506995737552642822e-01
5.296763181686401367e-01
5.189123749732971191e-01
3.721150755882263184e-01
2.256214171648025513e-01
4.453187882900238037e-01
4.630856513977050781e-01
6.849699616432189941e-01
4.485180377960205078e-01
3.255127668380737305e-01
6.623528003692626953e-01
5.565369129180908203e-01
6.649581193923950195e-01
6.167532205581665039e-01
3.516492545604705811e-01
3.996381759643554688e-01
5.299094915390014648e-01
4.406217932701110840e-01
5.121753811836242676e-01
2.429297417402267456e-01
2.777816355228424072e-01
5.662364363670349121e-01
8.454110026359558105e-01
6.190358400344848633e-01
3.500172495841979980e-01
6.296451687812805176e-01
4.154115021228790283e-01
6.437662243843078613e-01
4.695163667201995850e-01
5.669337511062622070e-01
3.869511187076568604e-01
6.948685646057128906e-01
7.123667001724243164e-01
4.852996468544006348e-01
5.732277035713195801e-01
4.860201478004455566e-01
6.002603173255920410e-01
3.057195842266082764e-01
2.014432102441787720e-01
6.206281185150146484e-01
2.303481251001358032e-01
5.389881134033203125e-01
4.847774803638458252e-01
7.507894039154052734e-01
3.963341116905212402e-01
2.607442140579223633e-01
3.682337701320648193e-01
3.667241334915161133e-01
7.171676754951477051e-01
2.583592832088470459e-01
4.519703388214111328e-01
5.990524291992187500e-01
4.147409796714782715e-01
6.925803422927856445e-01
4.869157075881958008e-01
3.479604721069335938e-01
6.489658951759338379e-01
5.885185599327087402e-01
8.807810544967651367e-01
8.069347739219665527e-01
3.569514751434326172e-01
2.773391306400299072e-01
6.617081165313720703e-01
4.414242506027221680e-01
5.524959564208984375e-01
6.117580533027648926e-01
6.447950601577758789e-01
3.085464835166931152e-01
4.185048937797546387e-01
5.214703083038330078e-01
5.263683795928955078e-01
2.831815779209136963e-01
5.309549570083618164e-01
7.162587642669677734e-01
3.174417912960052490e-01
7.706547975540161133e-01
2.029444724321365356e-01
6.139723062515258789e-01
5.704295635223388672e-01
7.222506403923034668e-01
3.322706222534179688e-01
4.088421463966369629e-01
1.923151463270187378e-01
5.009648203849792480e-01
3.080600500106811523e-01
3.314402103424072266e-01
4.267870485782623291e-01
6.139037609100341797e-01
5.973274707794189453e-01
5.287801027297973633e-01
4.538403451442718506e-01
7.501474618911743164e-01
4.431968629360198975e-01
4.735553860664367676e-01
6.689178347587585449e-01
6.896509528160095215e-01
6.785585880279541016e-01
8.622253537178039551e-01
4.712472558021545410e-01
3.610785603523254395e-01
4.254059791564941406e-01
4.860665202140808105e-01
5.378859043121337891e-01
5.362766385078430176e-01
4.820362329483032227e-01
4.937694072723388672e-01
5.648138523101806641e-01
6.263422369956970215e-01
3.200869858264923096e-01
4.051658511161804199e-01
1.699337959289550781e-01
5.931639671325683594e-01
5.531613826751708984e-01
5.406296253204345703e-01
7.381708025932312012e-01
5.624173879623413086e-01
5.662145614624023438e-01
3.737101852893829346e-01
3.697522878646850586e-01
3.303898274898529053e-01
5.174626708030700684e-01
4.695961177349090576e-01
6.122807860374450684e-01
6.176813840866088867e-01
3.123159706592559814e-01
3.025876879692077637e-01
4.707324802875518799e-01
6.565623879432678223e-01
4.322348237037658691e-01
4.349104762077331543e-01
6.909119486808776855e-01
6.278492212295532227e-01
6.032986640930175781e-01
7.778437137603759766e-01
6.631864309310913086e-01
7.395321130752563477e-01
