6.897036741836800000e+13
6.405659767603200000e+13
1.613647231057920000e+14
9.881835798528000000e+12
3.185619815628800000e+13
3.337052225536000000e+13
4.726532236902400000e+13
2.063295745884160000e+14
1.488493897318400000e+14
4.406633509683200000e+13
1.852717022576640000e+14
1.815854626897920000e+14
9.665571402547200000e+13
1.331259590574080000e+14
1.217697257881600000e+13
4.148380565504000000e+13
5.912388226252800000e+13
7.471454224384000000e+12
8.311705960448000000e+12
3.701965271859200000e+13
2.692196021043200000e+13
1.299822946549760000e+14
3.215874588672000000e+13
1.058017462190080000e+14
4.329776244326400000e+13
4.778925385318400000e+13
1.204397581271040000e+14
6.103594801561600000e+13
6.551309910016000000e+13
3.868506403635200000e+13
1.438324673740800000e+13
1.873012085227520000e+14
2.063298094694400000e+14
5.099366016614400000e+13
1.893295907143680000e+14
6.090855861452800000e+13
2.943149492142080000e+14
1.239770244055040000e+14
6.224175588966400000e+13
3.456984363827200000e+13
2.491050622976000000e+13
1.080189056450560000e+14
1.436187906539520000e+14
6.924869304320000000e+12
4.512668870246400000e+13
3.148778097868800000e+13
2.419294512087040000e+14
8.798975347916800000e+13
2.632839111639040000e+14
1.165473936834560000e+14
6.204154498252800000e+13
2.216057896960000000e+12
3.572586092953600000e+13
5.795140652236800000e+13
4.366056973926400000e+13
1.035581941350400000e+13
1.546847046860800000e+13
3.039387923251200000e+13
5.758101592473600000e+13
8.534655343001600000e+13
2.163777009090560000e+14
1.067588612259840000e+14
2.956080866918400000e+13
4.010206350540800000e+13
4.484142989312000000e+13
9.099387338752000000e+13
9.756003952230400000e+13
9.264658015846400000e+13
5.850125041664000000e+13
8.793927083622400000e+13
2.990045837393920000e+14
5.370750487756800000e+13
9.010938694860800000e+13
2.531467775180800000e+13
5.885396621721600000e+13
5.900510167040000000e+12
4.505443762176000000e+13
2.410591163514880000e+14
1.095946804920320000e+14
9.414145526988800000e+13
2.130592346931200000e+13
1.334483164856320000e+14
8.391043842048000000e+12
9.293696860160000000e+13
2.713608991539200000e+13
9.505968907878400000e+13
3.429043798016000000e+13
1.156462558576640000e+14
1.623880053555200000e+13
1.237781787443200000e+13
6.315409250713600000e+13
1.533848919736320000e+14
1.641404631613440000e+14
5.620332547276800000e+13
1.396228017356800000e+13
9.471005189734400000e+13
3.262539785830400000e+13
6.342613087027200000e+13
2.196739247308800000e+13
4.510116216832000000e+13
1.228173832355840000e+14
1.630502230425600000e+13
1.443135540428800000e+13
8.768747837849600000e+13
9.234514391859200000e+13
9.070215115571200000e+13
7.320510031462400000e+13
2.998426350387200000e+13
7.991295003852800000e+13
7.580181069824000000e+13
5.855520174899200000e+13
5.841595924480000000e+12
2.923087423078400000e+13
4.319659583078400000e+13
6.824032783564800000e+13
2.723277281689600000e+13
1.269441589411840000e+14
3.322512041574400000e+13
3.646014514790400000e+13
1.106756532961280000e+14
1.829351561625600000e+13
1.818848185548800000e+13
7.178761535488000000e+12
1.290328761958400000e+13
5.177802437427200000e+13
5.454642439782400000e+13
9.495694540800000000e+13
4.763392619315200000e+13
1.532182774415360000e+14
1.727100469903360000e+14
1.186111170805760000e+14
2.145570038743040000e+14
3.687938680422400000e+13
9.400232181760000000e+13
4.576144628121600000e+13
1.489184447528960000e+14
9.492570623180800000e+13
5.536122667008000000e+13
1.168715651481600000e+13
1.716232692695040000e+14
7.737201550950400000e+13
1.762701344768000000e+13
1.327268458659840000e+14
1.584038569574400000e+13
2.322262812262400000e+14
1.973318320128000000e+13
6.352175680716800000e+13
8.232380242329600000e+13
8.885306707148800000e+13
1.703037580083200000e+14
4.454411245977600000e+13
6.141365347942400000e+13
4.253762034073600000e+13
1.685809161830400000e+13
2.899508723712000000e+13
3.248338291916800000e+13
3.835074864742400000e+13
5.232999478067200000e+13
9.020710584320000000e+13
9.837511861862400000e+13
2.494551608524800000e+13
5.592047838822400000e+13
4.130112274432000000e+13
6.572020963737600000e+13
5.444676773478400000e+13
4.805925378457600000e+13
9.434081892761600000e+13
8.142398160896000000e+13
3.061644787712000000e+13
2.998738616320000000e+13
3.765149525606400000e+13
6.111052693504000000e+13
9.004027320729600000e+13
5.663650060697600000e+13
2.018354449612800000e+14
3.818358466150400000e+13
3.492547867443200000e+13
7.454842683392000000e+13
8.915667386368000000e+12
3.923778102886400000e+13
7.908369419468800000e+13
6.972948611072000000e+13
1.634237153280000000e+13
1.051371503616000000e+13
1.805352173568000000e+13
8.471436276531200000e+13
3.191107433267200000e+13
2.857174355148800000e+13
2.070184303001600000e+13
7.493710459699200000e+13
2.140559355412480000e+14
9.927608028364800000e+13
1.064144312729600000e+13
3.098999259136000000e+13
1.284115781386240000e+14
1.792888128143360000e+14
9.297597562880000000e+12
3.624310669312000000e+13
3.552217713868800000e+13
7.968422625280000000e+13
4.329337939558400000e+13
3.925254078464000000e+13
3.202097977753600000e+13
1.406512534650880000e+14
1.599850571366400000e+13
7.971086008320000000e+12
6.381016553881600000e+13
1.090582478848000000e+13
1.920831848448000000e+13
7.010231779328000000e+13
8.873719522918400000e+13
5.083374393753600000e+13
5.935129742540800000e+13
1.082565884641280000e+14
6.907440293478400000e+13
1.480097068482560000e+14
8.661078376448000000e+13
4.503588957061120000e+14
1.504964509696000000e+13
2.111002766213120000e+14
7.907897979699200000e+13
1.079625425879040000e+14
2.817599419187200000e+13
5.461241338265600000e+13
2.457446698188800000e+13
1.539010304409600000e+13
6.292476054732800000e+13
3.931321978060800000e+13
5.909003842355200000e+13
2.871833028198400000e+13
4.687947576115200000e+13
2.464483775610880000e+14
1.918845006643200000e+13
9.267020038144000000e+12
1.315313098424320000e+14
7.523024450355200000e+13
1.842045538795520000e+14
4.954689791590400000e+13
2.475472852090880000e+14
3.694198679142400000e+13
2.621630421401600000e+13
4.757425802444800000e+13
8.163233785446400000e+13
2.712707006464000000e+13
1.978060400230400000e+13
1.307688440954880000e+14
1.527805934305280000e+14
1.884519242137600000e+13
4.038911747686400000e+13
7.820462679654400000e+13
1.244026581811200000e+13
6.075459829760000000e+13
4.479764135936000000e+13
1.175001298370560000e+14
1.206800581918720000e+14
1.439218878382080000e+14
1.859296165888000000e+13
1.169978619330560000e+14
8.990566121472000000e+13
2.531253907619840000e+14
1.198198148300800000e+14
1.157337658163200000e+14
1.089981749657600000e+14
9.909309538304000000e+12
1.440953978060800000e+14
4.207831469260800000e+13
1.761014605414400000e+13
1.073520700293120000e+14
6.346286458470400000e+13
6.660506517504000000e+13
7.853772164300800000e+13
1.229536729497600000e+14
7.269329456332800000e+13
1.277619601408000000e+13
2.904935733657600000e+13
1.709844935475200000e+13
2.833762169651200000e+13
9.736731125350400000e+13
4.460725770649600000e+13
6.319912255488000000e+13
4.523085004800000000e+13
5.999273233612800000e+13
8.312188619980800000e+13
4.958047331942400000e+13
3.669152392806400000e+13
9.318894560870400000e+13
6.929387828019200000e+13
7.266191278080000000e+13
1.141677553090560000e+14
1.000896913735680000e+14
2.566152362393600000e+13
8.195504760422400000e+13
6.254775972659200000e+13
1.399578741964800000e+13
2.166728582758400000e+13
5.603307447910400000e+13
2.878064715366400000e+13
1.110004685864960000e+14
1.120715302502400000e+13
4.880527366553600000e+13
1.112519422771200000e+14
3.121596701081600000e+13
4.849306645299200000e+13
5.786531843276800000e+13
6.397482971955200000e+13
1.465479415726080000e+14
1.383038084710400000e+13
5.266954885529600000e+13
9.399030094233600000e+13
1.119128723128320000e+14
6.969639305216000000e+13
1.163762073600000000e+14
1.953594395852800000e+13
6.285077302476800000e+13
3.173781182873600000e+13
5.801730323251200000e+13
2.679466518118400000e+13
2.473796304896000000e+13
8.397297759027200000e+13
7.421960178892800000e+13
1.522137353420800000e+13
2.525098850385920000e+14
8.933931273420800000e+13
4.115910780518400000e+13
5.594913387315200000e+13
2.165163268505600000e+13
1.022832536453120000e+14
7.794815349555200000e+13
1.322166423388160000e+14
2.078037885583360000e+14
1.502052928716800000e+13
1.945944153128960000e+14
2.411788763136000000e+13
1.053979270184960000e+14
1.526967744593920000e+14
7.491727392768000000e+13
1.392838180864000000e+13
5.646642577408000000e+13
4.808860552396800000e+13
1.249426286837760000e+14
1.354892228689920000e+14
6.100604682240000000e+13
9.252913125785600000e+13
2.436819111116800000e+13
7.137165049856000000e+12
8.889443129753600000e+13
7.679037459660800000e+13
1.542561495777280000e+14
9.752177908121600000e+13
5.546296790220800000e+13
5.588135392051200000e+13
6.649798039961600000e+13
1.547883249664000000e+13
4.771712860160000000e+13
1.101303350558720000e+14
3.663341604044800000e+13
4.127646023680000000e+13
2.402066660065280000e+14
1.774207201443840000e+14
1.787208537210880000e+14
8.213096510259200000e+13
1.006232508825600000e+13
2.366660149248000000e+13
8.012937612492800000e+13
3.316822677913600000e+13
7.312008177254400000e+13
3.012624279142400000e+13
4.042493683302400000e+13
5.835562418176000000e+13
4.435986507366400000e+13
5.008019947520000000e+13
1.906722629222400000e+13
6.378105602048000000e+12
1.470451511459840000e+14
7.101092567449600000e+13
4.313660470067200000e+13
1.021693866803200000e+14
2.481932625510400000e+13
6.105006184857600000e+13
5.650472815820800000e+13
5.364334041497600000e+13
1.612868537548800000e+13
7.151892299776000000e+13
2.154249899212800000e+13
6.409302940057600000e+13
1.251820437504000000e+13
2.938280408514560000e+14
1.041929873653760000e+14
1.629822858035200000e+13
1.076571385364480000e+14
2.272704761692160000e+14
1.162885631836160000e+14
4.747307463475200000e+13
3.066338884976640000e+14
3.087050106470400000e+13
1.243110084444160000e+14
1.995902004756480000e+14
1.434518447718400000e+13
1.709573144576000000e+13
1.723926220636160000e+14
3.889782430105600000e+13
1.208294257459200000e+14
7.178577300684800000e+13
1.235246854963200000e+14
1.279850090332160000e+14
5.968164500275200000e+13
4.585216907673600000e+13
1.770581980610560000e+14
3.502105427968000000e+13
3.246234848460800000e+13
1.190737991434240000e+14
1.144509211607040000e+14
3.579468526387200000e+13
7.953428827340800000e+13
5.762730006937600000e+13
5.702087920844800000e+13
6.308953797427200000e+13
9.691464518860800000e+13
1.577074410127360000e+14
2.358481969479680000e+14
5.445226646732800000e+13
4.639786480435200000e+13
1.727488526909440000e+14
5.705562482278400000e+13
2.659845773721600000e+13
5.088507382988800000e+13
3.081815405363200000e+13
8.554155501158400000e+13
1.393173221867520000e+14
6.056387071180800000e+13
1.197092320051200000e+13
7.381825722777600000e+13
1.886233034752000000e+14
2.041743356723200000e+13
1.858753632665600000e+13
1.035669707161600000e+13
1.786851518054400000e+14
6.340543617433600000e+13
6.671129850675200000e+13
5.967220572160000000e+12
7.503330515353600000e+13
8.767463541964800000e+13
5.263343589785600000e+13
6.751239798784000000e+13
9.956607446220800000e+13
1.346989572751360000e+14
6.019267061350400000e+13
5.623333991219200000e+13
1.190936549785600000e+14
1.869493567488000000e+13
1.699565325516800000e+13
1.895585913241600000e+13
8.217522339840000000e+13
7.416892620800000000e+12
2.645499786035200000e+13
3.039369887744000000e+13
1.106194160680960000e+14
6.254589326131200000e+13
3.207472978329600000e+13
7.782684583526400000e+13
6.345229074432000000e+13
5.554148946739200000e+13
2.002051819110400000e+13
1.656702160076800000e+13
4.250434273280000000e+13
8.893927679590400000e+13
5.380664144691200000e+13
2.293908478361600000e+13
2.959897893273600000e+13
5.259119925657600000e+13
1.068137982197760000e+14
2.562450134138880000e+14
3.300604143206400000e+13
2.082689200947200000e+13
7.869145966182400000e+13
7.609115895398400000e+13
9.279815391641600000e+13
9.969254531072000000e+12
4.342052552704000000e+13
1.534553395036160000e+14
1.351793560780800000e+14
1.224793076531200000e+13
4.361580393267200000e+13
9.334094718566400000e+13
1.511394692300800000e+13
1.572455474790400000e+13
2.059173625856000000e+13
3.871285968896000000e+13
8.416754296422400000e+13
6.107419587379200000e+13
8.610495909068800000e+13
4.133878759424000000e+13
8.563444940800000000e+12
4.407959329177600000e+13
5.572504059904000000e+13
1.852320409190400000e+13
1.514093747896320000e+14
6.598854862438400000e+13
5.250959487795200000e+13
1.659423319654400000e+13
1.744250307870720000e+14
4.594186846208000000e+13
1.990514505154560000e+14
1.820596371456000000e+13
9.014730345676800000e+13
3.526249676800000000e+12
1.691874964275200000e+13
8.950566721945600000e+13
2.175107124428800000e+13
9.629857742848000000e+13
8.972050366464000000e+12
2.854350330265600000e+13
1.092964528947200000e+13
6.485725256089600000e+13
4.780358998425600000e+13
8.420139938611200000e+13
5.275788509184000000e+13
1.247846439321600000e+13
1.817546693017600000e+13
3.455347956121600000e+13
4.835623986790400000e+13
1.156200414576640000e+14
3.357953910374400000e+13
4.266813869260800000e+13
4.850484825292800000e+13
4.834009599180800000e+13
5.432062823628800000e+13
6.388023558144000000e+13
7.563011266969600000e+13
5.022309941248000000e+13
1.352553904209920000e+14
4.153556756070400000e+13
9.231896307302400000e+13
8.125561385779200000e+13
1.918555180236800000e+13
1.190888525004800000e+13
1.909249487667200000e+13
2.440495879946240000e+14
4.322447956377600000e+13
3.687289192448000000e+12
1.985634684108800000e+13
1.057745503518720000e+14
1.537266312806400000e+13
2.985925437030400000e+13
1.637925037015040000e+14
5.167806991564800000e+13
2.742006107340800000e+13
4.555914744954880000e+14
3.837258838835200000e+13
6.152957984768000000e+13
2.930505888563200000e+13
3.507587173580800000e+13
1.118498319237120000e+14
4.215535566848000000e+13
3.038605685555200000e+13
6.810635337728000000e+13
4.974975962316800000e+13
2.821835037081600000e+13
7.383820533760000000e+13
3.883918793113600000e+14
9.143593625190400000e+13
2.651351427317760000e+14
9.124810693017600000e+13
3.472332077137920000e+14
4.014376747008000000e+13
4.496891156889600000e+13
2.459141616435200000e+13
8.023324386918400000e+13
2.967159911219200000e+13
8.105374200627200000e+13
1.050634648289280000e+14
1.276775162183680000e+14
2.992924891545600000e+13
1.164877758464000000e+14
5.528645481267200000e+13
6.377156116480000000e+13
6.752111375155200000e+13
4.548909858816000000e+12
4.713086976000000000e+13
2.794711102259200000e+13
2.456685851443200000e+13
9.096099004416000000e+13
3.631760172646400000e+13
2.529575179386880000e+14
1.193501995827200000e+13
4.260616785100800000e+13
3.019488467353600000e+13
2.233534827724800000e+13
5.571886658355200000e+13
7.960145585766400000e+13
7.828550136627200000e+13
8.518969484902400000e+13
6.701524713472000000e+13
5.952544073318400000e+13
2.316497112268800000e+13
6.751738920960000000e+13
3.252415323176960000e+14
7.214843769651200000e+13
1.643143757824000000e+14
5.058817582694400000e+13
1.026936830689280000e+14
3.002525443686400000e+13
5.654906614579200000e+13
6.068460375244800000e+13
1.110608812441600000e+13
4.617731571712000000e+13
4.774815386828800000e+13
1.178777996492800000e+13
7.570592052019200000e+13
4.103897035571200000e+13
8.195932579430400000e+13
4.749224050688000000e+12
1.140645838192640000e+14
2.337837731020800000e+13
2.246180654284800000e+13
1.126876105932800000e+14
8.870599799603200000e+13
9.130943184896000000e+12
2.015652688691200000e+13
5.205174465331200000e+13
3.916823946854400000e+13
7.769386962124800000e+13
1.015581507584000000e+14
6.286860720537600000e+13
2.980825582796800000e+13
4.565012106444800000e+13
1.181184792985600000e+14
9.453010786713600000e+13
3.218551603200000000e+13
1.123781632327680000e+14
7.725419751014400000e+13
1.022535915274240000e+14
5.114474319052800000e+13
2.985260010700800000e+13
9.729483368038400000e+13
8.365325418496000000e+13
1.042969054412800000e+14
1.107723068375040000e+14
2.719592795340800000e+13
7.942839048601600000e+13
1.148897669939200000e+13
4.818448311910400000e+13
2.565923017850880000e+14
1.779618692464640000e+14
2.320111134310400000e+13
1.359787484774400000e+13
5.428218953728000000e+12
1.838431390924800000e+14
8.901326431846400000e+13
5.778831520563200000e+13
1.126330846412800000e+14
7.376238909849600000e+13
4.565425664819200000e+13
2.423202093465600000e+13
2.575848964096000000e+13
1.635606090219520000e+14
2.807558045696000000e+13
4.294156537036800000e+13
2.376367656140800000e+13
2.363153081958400000e+13
2.162811312537600000e+14
1.499187380224000000e+13
8.441676011929600000e+13
2.726704657203200000e+13
9.588240180838400000e+13
4.107700011008000000e+13
4.766071101849600000e+13
7.030938638745600000e+13
5.021304566579200000e+13
3.211316638515200000e+13
7.352692087193600000e+13
6.058893167820800000e+13
7.616197558272000000e+13
9.718742384640000000e+12
3.138367835340800000e+13
6.475344248832000000e+12
1.260521982525440000e+14
3.803224159027200000e+13
1.087467683840000000e+14
2.083173852774400000e+13
6.402629382963200000e+13
2.899638327705600000e+13
5.178937835520000000e+13
3.404205549158400000e+13
4.686730808524800000e+13
3.170520363171840000e+14
1.337646257274880000e+14
1.246289282990080000e+14
4.909223955660800000e+13
1.204414274600960000e+14
1.764967317504000000e+13
1.697275340390400000e+13
1.286999868702720000e+14
6.777519629926400000e+13
7.265156123852800000e+13
6.615119115059200000e+13
6.300186863206400000e+13
6.858506187571200000e+13
1.525291365171200000e+14
8.472893377740800000e+13
2.545947770880000000e+13
3.879757624115200000e+13
8.025980220211200000e+13
1.395512049664000000e+14
9.259887414476800000e+13
7.491186327552000000e+13
4.883962082099200000e+13
4.890672968499200000e+13
9.443933473996800000e+13
3.857523618611200000e+13
8.159328888422400000e+13
1.056388058972160000e+14
6.048120097996800000e+13
6.062139768832000000e+12
5.077816521523200000e+13
3.976159087820800000e+13
3.185449736601600000e+13
3.253811439206400000e+13
4.755681810841600000e+13
6.813041295360000000e+12
7.608946445516800000e+13
1.326322307563520000e+14
2.157974021734400000e+13
2.277116330639360000e+14
5.938236882944000000e+13
3.376677283430400000e+13
3.432990113792000000e+12
1.795395315302400000e+14
1.157235422003200000e+13
1.192689768857600000e+14
1.243473562828800000e+14
2.577350524928000000e+13
1.668144997335040000e+14
2.019402186752000000e+13
6.968050083430400000e+13
1.160802321039360000e+14
1.064554201088000000e+14
1.542601782067200000e+13
5.671435108352000000e+13
1.953429140275200000e+13
3.045870639513600000e+13
9.243301458739200000e+13
1.002209479229440000e+14
7.331876700160000000e+12
4.013141943910400000e+13
1.949358987673600000e+14
1.038902425026560000e+14
2.626657085030400000e+13
3.430966257254400000e+13
1.890556103884800000e+13
2.629220433920000000e+14
4.429796553523200000e+13
9.030792852275200000e+13
5.340429864140800000e+13
9.682927432499200000e+13
4.263830460825600000e+13
1.101670436044800000e+13
5.305694316134400000e+13
7.700714461593600000e+13
3.773410626764800000e+13
6.301136034201600000e+13
2.548387178086400000e+13
1.061172585431040000e+14
4.754092589056000000e+13
2.369831881932800000e+13
1.217942079406080000e+14
9.324831178752000000e+13
4.469006165606400000e+13
2.637177238323200000e+13
2.157690277068800000e+13
1.055257421414400000e+13
5.518293938995200000e+13
1.226861854064640000e+14
3.149845128806400000e+13
5.809293492224000000e+13
6.551163109376000000e+13
4.826805043200000000e+13
1.026997228666880000e+14
7.352453850726400000e+13
7.213251611852800000e+13
8.468422249676800000e+13
6.961820703129600000e+13
2.002826507059200000e+13
1.775291177369600000e+14
6.049940425932800000e+13
4.474446177894400000e+13
4.647472961945600000e+13
7.726437289164800000e+13
4.804308474265600000e+13
2.443138459238400000e+14
6.624674159001600000e+13
1.433356520652800000e+13
2.227980310937600000e+13
1.009834220584960000e+14
1.412909917798400000e+13
1.029579472896000000e+13
4.239650717696000000e+13
1.193197279641600000e+14
6.118045017702400000e+13
3.927721587507200000e+13
4.316785016832000000e+12
7.792222535680000000e+12
1.117036017090560000e+14
1.149886560993280000e+14
6.815617751449600000e+13
1.224872768307200000e+13
4.895741784883200000e+13
9.876810812620800000e+13
4.379173401395200000e+13
3.032228665753600000e+13
1.961184408371200000e+13
1.848364341657600000e+14
1.750799273164800000e+13
2.387042788966400000e+13
8.656191173427200000e+13
1.247184431349760000e+14
2.820009046835200000e+13
4.347180508774400000e+13
1.224285712547840000e+14
3.737554360729600000e+14
3.845980894003200000e+13
8.704147167641600000e+13
5.105381906841600000e+13
4.755262799872000000e+13
1.204971362058240000e+14
2.008642538700800000e+13
5.642641211392000000e+13
8.989839668019200000e+13
8.024520602419200000e+13
1.228663370547200000e+13
6.787493684838400000e+13
2.822827619123200000e+13
1.038617359155200000e+13
2.974795641651200000e+13
4.586826262118400000e+13
1.115135934464000000e+13
2.801526846259200000e+13
6.943033262080000000e+12
4.776846688256000000e+13
2.820389679923200000e+13
5.442656796672000000e+13
2.916181868544000000e+12
2.144445126410240000e+14
1.638330542325760000e+14
1.435937758248960000e+14
6.871533276364800000e+13
1.834116962058240000e+14
1.327976960491520000e+14
1.634155699896320000e+14
3.893928499609600000e+13
2.335283190169600000e+13
8.451010016051200000e+13
1.417104955801600000e+13
2.062420226867200000e+13
6.156565925068800000e+13
1.229504601128960000e+14
7.745782258073600000e+13
9.899673963724800000e+13
1.368471036231680000e+14
1.076758619095040000e+14
1.204563109478400000e+13
9.430392582963200000e+13
8.009825438924800000e+13
2.965544894464000000e+13
4.416399946547200000e+13
3.420397450035200000e+13
3.093186792652800000e+14
9.135803963801600000e+13
7.694004414054400000e+13
1.147623230668800000e+14
3.483072095846400000e+13
7.969389831782400000e+13
9.229765600870400000e+13
9.548702154752000000e+13
1.064955595980800000e+14
2.959631554969600000e+13
7.771770165657600000e+13
3.232239924019200000e+13
6.123631411200000000e+13
1.576945225564160000e+14
7.688658354176000000e+13
5.525934702592000000e+13
4.312528846848000000e+13
1.126919558922240000e+14
2.722613533081600000e+13
4.151153839308800000e+13
6.926349054771200000e+13
2.831154361139200000e+13
8.696046288896000000e+12
1.581327434383360000e+14
7.020797231104000000e+13
8.380697542656000000e+13
2.207567052800000000e+14
3.582186015948800000e+13
1.836280132403200000e+13
1.325507522068480000e+14
2.062603182407680000e+14
9.595973638553600000e+13
7.503696887808000000e+12
5.629265156505600000e+13
3.334907258470400000e+13
1.492980795965440000e+14
8.588102520012800000e+13
2.234805701836800000e+13
6.623618452684800000e+13
7.593797458329600000e+13
2.252138033971200000e+13
1.348740107468800000e+14
1.366178932981760000e+14
4.926094704640000000e+13
3.485740931481600000e+13
8.152689305190400000e+13
8.179668746240000000e+13
3.991214961459200000e+13
4.199339786240000000e+12
4.213483293900800000e+13
3.883883980390400000e+13
1.205692614574080000e+14
1.248020775567360000e+14
5.789296728473600000e+13
5.072216706252800000e+13
6.447366144000000000e+12
1.433896474378240000e+14
8.619125270118400000e+13
3.875596035686400000e+13
4.269653413068800000e+13
3.113090023424000000e+13
4.627180499763200000e+13
5.031349505228800000e+13
7.826796917555200000e+13
1.636975928934400000e+13
5.977326957363200000e+13
8.926044304179200000e+13
1.186440507555840000e+14
3.098857701376000000e+13
1.399908435230720000e+14
1.552540919398400000e+13
4.268469361049600000e+13
3.864165298995200000e+13
1.280823420518400000e+14
8.796003264102400000e+13
3.002394581401600000e+13
8.405923659776000000e+12
5.803177777561600000e+13
5.922725507891200000e+13
1.312608946749440000e+14
7.381336666931200000e+13
5.606253946470400000e+13
6.940924051456000000e+12
5.492020399308800000e+13
1.631083791646720000e+14
2.156056973148160000e+14
1.744410362511360000e+14
5.633016122572800000e+13
1.384867430400000000e+13
5.996797755392000000e+13
1.733006217707520000e+14
9.543224393728000000e+13
1.124594152898560000e+14
1.146243975741440000e+14
1.283318507110400000e+13
2.151795811942400000e+13
6.917551921561600000e+13
7.096328676966400000e+13
4.642989146112000000e+12
1.877926005964800000e+13
6.261287629619200000e+13
8.603150005043200000e+13
7.977730624716800000e+13
4.038211298918400000e+13
9.549261674905600000e+13
2.585295375564800000e+13
6.111263666995200000e+13
9.407345721344000000e+13
2.243372777472000000e+13
2.569125620613120000e+14
5.921452117196800000e+13
1.706534790758400000e+14
3.274352833331200000e+13
1.681890633318400000e+13
7.959346990284800000e+13
1.189083086848000000e+14
8.537891667968000000e+13
5.945686805708800000e+13
8.046676593868800000e+13
1.395674620887040000e+14
9.041141039104000000e+13
2.217179139276800000e+13
2.077855894732800000e+13
6.839955619840000000e+13
2.396164980736000000e+13
2.231146926571520000e+14
9.884083735756800000e+13
7.533892730880000000e+13
5.845149758259200000e+13
1.878195699712000000e+13
3.587875589324800000e+13
1.381362460262400000e+13
2.809665431797760000e+14
6.546436548198400000e+13
