2 4 10 24 60 143 359 1065 2727 8342 5444
0 6 8 25 51 135 369 1083 2702 8307 6239
1 3 12 37 86 199 549 1694 4231 10979 2763
0 0 3 15 39 104 290 854 1903 5071 11594
0 1 2 5 24 61 140 401 945 2576 12795
0 3 6 30 59 200 491 1392 3364 9741 5926
0 6 5 18 52 115 395 1156 2927 8434 7549
1 7 7 28 82 223 609 1772 4969 11047 1830
2 4 6 16 59 154 480 1345 3530 10183 2778
0 4 11 27 77 217 569 1661 4168 11371 3302
1 5 17 45 109 266 673 1870 4810 9879 1817
2 5 9 23 82 222 579 1704 4472 10759 1915
1 7 13 38 87 240 704 1920 4987 11075 1837
1 4 9 24 95 209 619 1862 4874 11497 2538
0 0 3 7 15 70 161 374 897 2146 12567
0 3 3 12 48 107 267 790 1892 5564 9606
0 1 1 13 23 66 125 370 924 2472 11960
0 0 2 5 28 62 152 432 951 2488 11335
0 0 2 10 26 72 167 474 992 2729 11952
0 4 13 33 77 216 443 1298 3293 9613 3616
0 1 4 12 46 113 296 947 2298 6187 10328
1 6 18 39 120 234 629 1828 4799 9475 1480
0 1 5 5 29 91 191 456 1228 3266 11614
2 2 4 28 75 167 459 1208 3001 8980 4905
0 2 4 13 42 128 325 894 2365 6395 8599
0 1 1 7 20 63 151 378 937 2424 12510
1 0 8 16 43 125 389 1106 2864 8389 7493
0 2 6 22 62 133 334 952 2363 6450 7748
0 7 15 40 106 243 553 1482 4063 9237 1719
0 4 11 26 66 168 475 1273 3310 9583 4814
0 0 2 9 20 56 156 436 928 2630 12484
2 4 7 33 83 214 579 1505 4050 10276 1978
1 6 8 27 75 195 556 1512 4194 9875 1993
0 4 2 9 36 108 278 739 1783 4950 10857
2 4 15 33 89 245 612 1903 4879 10520 1831
0 2 5 10 40 100 242 725 1796 5037 9658
1 3 17 39 97 230 641 1735 4844 9953 2116
1 6 13 31 82 238 560 1565 4183 11077 2752
0 6 7 35 72 199 573 1597 4346 11404 2838
0 2 2 15 34 110 293 805 1989 5440 10645
0 1 2 11 19 51 168 388 895 2244 12227
2 5 11 42 92 234 620 1678 4375 9857 2062
2 5 5 14 72 152 433 1181 3219 9397 5519
0 0 1 3 12 52 118 351 819 2188 12144
0 2 5 13 49 110 260 784 1945 5268 9947
0 1 4 11 19 56 133 365 943 2446 12025
2 2 8 28 79 194 586 1701 4401 11101 2496
1 3 6 25 57 151 368 1243 3247 9689 5007
4 2 9 30 84 230 523 1599 4361 9616 1952
2 1 16 38 99 263 695 2072 5216 11536 2113
0 3 8 34 69 179 521 1519 3752 10973 3962
0 0 0 2 13 53 126 242 573 1562 11399
0 4 1 21 30 100 297 867 2084 5949 9348
0 2 2 7 36 97 224 663 1695 4563 11058
0 2 4 11 49 145 340 942 2307 6471 9353
0 0 3 11 30 107 212 536 1310 3456 10427
0 0 8 15 44 87 245 659 1567 4325 11377
0 1 7 12 32 101 228 612 1694 4432 11016
0 1 9 16 46 113 313 884 2318 6481 9261
1 8 21 23 61 194 537 1494 4239 9856 1868
1 3 9 15 44 113 325 903 2624 8264 5661
2 3 15 31 77 213 537 1496 3799 9975 2638
0 2 13 29 91 239 552 1613 4044 11551 3567
0 2 2 7 50 124 242 725 1695 4515 10139
0 4 7 24 51 173 410 1169 2862 8889 6928
1 2 9 21 57 148 422 1210 3177 9656 5019
3 4 8 29 54 183 485 1440 3837 10184 2847
1 0 5 25 74 190 391 1189 2897 8300 6870
0 3 4 15 49 122 296 834 2174 5994 10351
1 3 8 21 67 153 395 1182 2984 8931 6029
1 3 14 26 90 232 616 1762 4863 10607 1911
0 9 19 33 92 245 646 1883 5010 11035 2067
2 1 2 11 47 142 373 1083 2734 7938 7028
0 1 1 3 14 59 142 253 680 1662 11736
0 2 8 20 53 158 413 1145 2816 8368 7539
0 0 0 4 20 68 178 354 836 2104 12480
0 3 6 11 49 136 270 746 1929 5139 8990
1 6 9 21 92 245 649 1910 5202 11368 1893
2 2 8 19 73 173 464 1236 3289 9810 4223
1 6 9 28 97 192 530 1491 3771 9773 2906
0 1 4 15 38 84 272 712 1652 4628 11812
2 4 7 36 86 238 570 1604 4218 10371 2412
0 0 2 5 22 45 128 311 709 1762 12798
2 1 18 43 80 186 519 1451 3768 9938 2705
0 2 4 18 59 197 421 1156 2822 7800 7150
1 4 14 36 89 241 629 1895 4899 10915 2041
0 3 7 25 60 162 414 1210 2920 8607 7277
1 1 8 25 69 169 452 1209 3168 8906 4916
0 0 10 13 62 122 338 841 2097 5496 10036
0 0 3 10 22 49 178 474 1091 2555 13067
0 2 5 12 41 123 295 957 2284 6496 9781
2 0 8 23 39 145 398 1217 3026 8940 4994
1 3 13 52 112 283 686 1762 4604 9775 2054
0 3 13 18 64 195 457 1295 3198 9464 3847
0 0 6 9 36 87 193 595 1490 3780 12695
2 1 8 23 57 145 342 961 2484 7738 5786
0 2 1 14 42 112 276 727 1834 4769 10266
0 3 6 17 47 99 297 920 2225 6281 9315
0 1 4 6 22 83 158 416 1068 2670 11299
0 3 6 17 36 103 231 737 1811 5141 9417
3 5 12 40 68 206 559 1621 4264 10116 2147
0 0 4 9 27 97 169 468 1068 2872 11708
0 0 1 7 13 50 130 376 815 2107 13003
1 2 5 13 45 136 294 966 2472 7044 9318
1 0 12 33 63 154 435 1308 3110 9134 5739
1 5 12 31 88 215 489 1378 3553 9325 2961
1 5 4 19 47 151 322 1061 2794 7986 7211
0 1 7 23 60 156 472 1193 3022 9073 6861
2 4 12 37 117 267 701 2082 5368 11168 1605
1 3 13 30 86 230 505 1415 3662 9931 2954
0 3 2 13 26 89 249 772 1800 5195 10981
0 0 0 9 14 40 115 289 641 1703 12867
0 1 5 11 27 132 245 778 1806 4911 10230
0 3 10 31 65 196 421 1201 3204 9450 4548
1 3 7 17 48 104 288 862 2323 6684 8480
0 4 3 14 40 115 363 1005 2493 7346 8971
1 2 9 27 100 201 543 1620 3963 11383 3099
0 3 5 18 73 197 418 1190 2728 7760 6407
0 1 2 3 7 39 128 231 522 1469 14306
2 4 7 20 59 173 435 1114 3282 9664 3822
0 0 3 5 24 65 126 304 769 1953 13796
0 0 10 20 49 93 267 798 2025 5513 10976
0 0 1 2 23 57 132 348 722 1872 11899
0 0 1 3 13 64 162 418 917 2477 12358
0 3 12 31 91 213 433 1344 3427 9838 3914
0 5 18 34 86 209 513 1500 3957 10285 2975
1 0 6 12 49 143 354 1040 2540 7126 8298
0 1 2 2 27 53 150 457 1060 2904 13128
1 1 11 18 58 155 464 1328 3574 10610 4514
2 4 9 39 86 220 612 1690 4272 9347 1896
1 3 11 28 84 255 550 1671 4089 11014 2463
1 5 5 28 78 200 517 1446 3691 9804 2383
0 3 3 16 63 166 397 1111 2727 7604 8159
1 3 7 36 84 209 524 1443 3688 10173 3336
0 1 10 19 45 117 314 858 2217 6335 9381
2 5 6 26 81 176 531 1527 3880 10232 2791
1 2 5 21 88 181 541 1606 3910 11500 3970
0 3 12 19 81 198 506 1438 3662 10826 3924
0 0 1 2 18 50 127 285 585 1570 11736
2 5 3 13 55 140 444 1238 3251 9814 3231
1 0 1 13 28 87 168 510 1236 3136 11320
0 0 10 16 59 196 430 1225 2960 8278 7420
2 1 8 32 117 286 608 1784 4313 9814 3305
0 0 1 11 29 85 203 584 1465 3723 11750
1 2 9 19 55 154 409 1380 3508 10138 4575
0 0 3 2 9 43 105 328 597 1540 12537
0 6 8 47 91 218 715 1938 5145 11804 2209
1 2 10 22 38 144 353 1004 2695 8102 6371
1 0 2 7 22 61 164 458 1013 2658 12034
1 3 6 24 60 163 554 1609 3958 11332 3582
0 6 5 21 55 147 373 1106 3058 8865 6318
0 2 7 13 45 119 259 726 1977 5282 10120
0 5 10 22 77 224 507 1370 3420 9611 4698
0 0 1 6 16 51 137 304 712 1840 12640
0 2 7 17 56 172 372 1113 2629 7665 8220
0 2 13 26 83 224 560 1714 4333 11918 2679
0 1 9 22 67 121 438 1294 3078 8641 7272
0 2 12 32 68 188 492 1440 3495 10730 4576
1 1 14 43 67 208 523 1554 3843 10674 3755
1 4 12 24 85 197 546 1442 3925 10515 3439
0 1 6 23 55 89 241 692 1784 4733 10182
0 1 2 15 71 154 332 1050 2497 7030 9282
0 1 4 12 37 101 243 612 1500 3965 11142
0 4 15 25 52 193 429 1220 3159 9192 3708
0 5 15 35 103 253 623 1834 4676 11704 2498
0 4 13 33 104 261 599 1852 4699 11661 2036
1 2 8 22 57 183 410 1183 3064 9526 5581
2 6 12 27 71 192 495 1394 3649 10129 2962
0 1 2 4 9 75 190 506 1143 3104 13068
0 1 2 13 27 104 236 623 1508 3990 11833
0 2 2 12 29 84 164 581 1265 3342 10798
0 4 10 28 65 155 372 1063 2807 8358 5419
1 0 1 19 34 95 270 820 1947 5259 10489
0 3 4 17 54 135 342 1191 2854 8245 7896
1 1 10 22 73 170 435 1224 3124 8822 3862
0 3 11 12 59 176 364 970 2624 7418 6992
0 5 9 21 61 202 390 1177 2871 8199 5199
1 2 16 19 81 232 606 1755 4460 11785 2732
0 0 2 10 46 109 235 684 1593 4160 12196
0 3 14 44 85 224 655 1763 4377 11302 2285
1 4 7 22 52 151 384 1055 3040 8961 4503
1 8 12 35 74 195 498 1578 3917 10181 2541
0 0 4 6 38 77 218 506 1190 3044 12069
0 0 2 5 13 72 197 494 1082 2928 11998
0 0 2 11 45 79 273 699 1540 4287 11391
1 1 6 29 61 157 452 1158 3131 9061 5739
0 2 9 18 36 112 285 782 2011 5589 9054
0 2 2 12 44 132 287 822 2041 5669 10191
0 0 3 4 11 37 100 234 537 1409 13686
1 0 0 4 25 69 168 478 1157 3188 11632
3 3 13 20 82 183 551 1523 4214 10203 2407
1 4 11 33 106 288 653 1950 5136 11418 1690
0 0 4 1 16 57 119 323 682 1672 12890
0 3 5 16 24 100 265 795 1872 5090 10718
2 2 15 40 108 241 655 1823 4903 10395 1771
3 1 7 23 59 175 455 1342 3503 10260 3049
0 0 3 8 23 69 183 442 1116 2789 12868
0 1 6 26 47 192 476 1145 2818 7822 7305
0 1 2 5 16 94 205 505 1197 2983 10425
1 3 9 30 86 199 491 1373 3428 10277 4436
0 1 2 16 27 98 258 940 2223 6015 10768
0 1 3 8 51 101 245 695 1516 4172 11084
0 3 6 14 74 170 455 1259 3167 8967 7065
1 3 8 36 66 218 574 1581 4159 11096 2661
0 0 6 17 73 127 325 1000 2278 6173 9609
0 0 1 9 24 53 165 438 917 2456 13276
0 1 14 49 87 232 582 1797 4547 11915 2880
0 0 1 4 14 53 125 329 727 1880 11784
0 0 3 9 33 66 202 467 1092 2797 12027
1 3 13 26 81 242 568 1636 4264 11199 3097
2 0 8 11 60 170 399 1084 2611 7051 5905
0 5 9 21 49 162 442 1375 3442 10575 4675
0 4 16 33 91 235 644 1781 4508 11521 2692
1 7 9 32 105 216 568 1545 4191 10481 2631
1 2 6 33 95 217 609 1583 4318 11698 2689
1 3 16 32 106 260 692 1963 4997 10610 1953
3 4 5 25 76 209 521 1543 4114 10345 2103
1 2 13 34 93 214 617 1623 4529 9537 2571
0 0 4 9 32 72 201 528 1235 3173 12144
2 2 11 33 94 215 563 1708 4389 9727 2213
1 4 6 38 49 148 434 1183 3130 9519 4843
1 1 2 15 46 166 355 926 2466 6739 6871
0 1 7 28 70 177 429 1333 3345 9258 5904
0 5 15 28 87 257 590 1755 4406 11326 2238
0 1 1 15 31 86 243 687 1629 4132 11912
0 0 2 14 25 79 234 595 1423 3689 11403
0 3 3 16 43 89 288 867 2085 6138 9288
0 3 12 26 79 225 557 1630 3946 11286 3511
0 3 4 24 64 144 371 1057 2577 7409 7983
0 1 4 12 35 100 266 765 1896 5133 10338
0 2 12 29 90 216 575 1653 3995 11073 3111
1 2 3 14 46 131 339 1012 2567 8314 6311
0 0 3 15 38 133 255 756 1715 4644 10834
0 0 1 5 14 40 85 259 574 1528 11979
3 3 11 26 86 202 494 1529 4088 10201 2377
1 7 12 39 90 219 580 1547 4120 9393 1656
1 1 9 17 61 180 384 1101 2895 8466 4657
0 3 5 16 42 132 300 846 2144 5753 9562
1 0 2 7 23 94 283 621 1551 4615 9006
0 3 8 15 42 132 327 943 2288 6558 9241
0 1 2 5 10 53 125 351 756 2048 12965
0 4 9 33 87 275 622 1708 4396 11746 2540
1 1 1 7 32 70 165 462 1226 2999 10831
0 1 9 15 32 121 271 620 1651 4395 9016
0 0 6 15 48 121 310 863 2095 5696 9539
2 3 4 34 113 245 715 1908 4960 11428 1926
2 2 12 21 92 226 562 1625 4022 10222 2703
0 0 9 13 69 170 407 1108 2650 7292 8621
0 2 2 18 42 124 331 989 2441 6500 9727
1 2 7 33 91 210 561 1708 4354 11948 3139
0 0 5 14 61 111 312 857 2065 5329 10362
0 1 4 14 49 96 250 710 1879 5122 10124
0 6 7 19 61 202 493 1412 3539 10332 4170
1 2 5 15 50 142 351 1035 2779 8617 7112
1 0 3 15 20 52 159 545 1439 4015 11410
1 5 15 23 64 191 479 1379 3528 10066 2433
0 0 5 16 51 111 340 970 2334 6417 10088
2 4 10 26 58 192 427 1246 3367 9544 4053
1 3 9 38 77 205 486 1351 3577 10184 3489
1 4 11 19 79 234 543 1448 3948 9666 1790
1 7 15 27 122 283 716 1891 5109 10343 3613
1 6 12 39 92 204 569 1574 4243 10281 3120
1 4 12 31 78 203 474 1365 3594 9821 3551
0 0 3 2 17 73 147 395 887 2162 12108
1 6 15 35 96 222 626 1848 4677 10453 1957
0 5 14 37 111 248 668 1802 4745 11503 2012
0 0 1 6 15 43 123 277 637 1621 13633
2 3 10 34 77 193 527 1414 3712 10020 2788
0 7 6 32 96 238 635 1838 4546 11447 2389
0 5 3 15 74 188 368 1199 2945 8530 6247
2 3 11 31 95 221 622 1768 4543 11245 2501
2 1 13 39 116 288 770 2082 5400 11359 1590
1 5 12 32 104 276 683 1952 4931 10947 1652
0 0 7 20 67 180 443 1178 2865 7864 7695
0 2 6 32 83 218 553 1583 3764 11032 4759
0 0 5 7 27 55 171 488 1193 3039 12770
0 1 5 8 27 79 192 582 1341 3472 11746
1 3 9 25 58 165 446 1224 3218 9683 4409
0 6 5 29 43 145 359 1085 2839 8795 6601
0 4 9 29 87 246 649 1808 4514 11764 2501
0 6 16 26 53 156 430 1225 3321 9862 4287
0 1 3 6 31 78 262 734 1704 4538 12310
2 7 15 30 108 256 609 1575 4550 10067 1829
0 4 3 13 53 140 372 1080 2557 7267 8804
0 2 15 36 61 159 390 1084 2866 8143 6365
1 2 3 10 53 146 325 1014 2433 6594 8464
1 8 9 35 70 267 724 1941 4971 11213 1896
1 2 2 14 48 142 274 739 1949 5391 7678
2 2 11 27 103 196 531 1432 3804 9742 2088
1 2 6 27 89 228 514 1408 3551 10162 3266
0 1 5 29 50 140 291 781 2003 5531 8668
1 2 7 30 51 163 419 1060 2775 8005 6635
0 9 15 35 79 253 564 1610 4431 10295 2297
0 0 4 6 21 46 126 349 783 2068 12060
0 1 5 9 47 107 249 750 1827 4861 10575
0 2 3 23 51 156 418 1106 2767 7808 8980
0 3 3 10 45 97 301 893 2163 6036 9553
1 7 20 25 83 225 619 1708 4695 11189 2417
0 0 1 7 23 63 166 406 854 2197 12311
0 2 0 5 11 60 131 377 829 2237 12561
1 1 9 24 45 128 392 1007 2673 8336 6244
0 2 3 18 38 76 231 624 1495 4086 11234
0 5 10 25 55 195 412 1044 2711 7801 5128
0 6 6 12 54 161 434 1289 3182 9349 5189
0 3 6 22 59 121 392 1147 2836 8537 8054
1 0 8 22 59 159 378 991 2700 7582 5666
0 0 4 6 24 82 183 432 1007 2653 11995
0 4 10 40 130 270 747 2074 5225 11978 1734
1 2 8 31 72 230 508 1429 3585 10352 2990
1 5 12 37 102 301 790 2081 5317 10451 1819
1 6 11 34 80 257 718 2005 5135 11784 2249
2 3 9 41 94 250 648 1984 5284 11860 1823
0 0 5 21 80 189 439 1207 2824 7697 7554
0 2 3 16 67 183 499 1316 3204 9140 6567
0 1 4 17 38 95 225 572 1362 3485 10078
0 1 3 10 22 95 169 479 1206 3185 9832
0 1 8 17 54 141 354 1031 2562 7532 8050
0 5 2 5 23 69 169 408 1204 3292 12429
1 0 2 14 39 78 183 538 1327 3646 10226
1 5 0 17 55 155 362 1026 2642 7457 7584
0 0 5 14 37 152 263 536 1492 3932 8820
3 3 9 40 83 250 571 1718 4551 9678 1168
2 2 9 23 71 188 449 1248 3104 9296 3851
0 2 11 20 76 225 469 1278 3167 9603 4473
0 2 7 14 44 110 246 761 1900 5154 10394
0 1 5 14 47 153 323 1028 2339 6735 9122
1 4 17 38 99 266 628 1817 4486 10624 2341
1 2 4 18 55 172 452 1307 3190 9072 6501
2 4 9 13 74 203 556 1528 3954 10563 2208
2 1 10 23 65 154 434 1172 3085 9376 3942
0 0 2 9 25 69 168 396 963 2416 12909
2 1 8 25 69 188 448 1299 3352 10075 3548
0 1 5 10 37 114 296 783 1859 4952 10928
2 2 16 25 60 169 467 1367 3602 10176 3147
1 0 6 21 54 115 317 920 2242 6611 7463
1 0 6 14 32 121 301 815 2061 5888 9335
0 0 3 11 39 109 314 937 2054 5785 10597
0 6 3 16 59 144 397 1033 2577 7742 6639
0 4 2 17 48 129 417 1164 2886 8202 7494
2 5 8 26 93 202 558 1613 4187 10535 1924
1 2 6 17 58 160 290 874 2224 6430 7262
0 2 10 26 53 152 302 981 2352 6715 7899
1 2 4 18 59 177 391 1058 2717 8163 6803
0 2 6 23 58 151 401 1158 2928 8335 7744
0 0 1 6 24 62 190 410 964 2373 11790
1 6 13 29 99 203 580 1542 3924 10536 2839
1 5 10 35 99 240 657 1833 4811 11110 2002
1 3 18 38 71 254 654 1911 4861 11208 2081
1 0 8 27 67 157 398 976 2259 6597 7094
0 4 14 28 98 210 506 1418 3561 10156 3133
0 3 6 8 45 119 297 899 2369 6578 8745
0 5 13 23 86 210 536 1517 4035 10902 2828
0 0 6 11 38 142 285 731 1781 4741 9873
0 6 13 30 110 188 553 1555 3877 10391 2640
1 3 6 32 69 186 476 1401 3414 10187 4447
0 3 2 13 20 109 200 528 1375 3649 10117
0 2 7 20 79 223 515 1481 3492 10208 4296
1 5 17 36 82 242 595 1733 4596 10325 1918
1 5 9 23 81 190 521 1371 3743 10172 2703
2 5 13 27 93 188 523 1525 4086 9715 1904
1 6 10 35 76 231 601 1610 4090 10708 3592
0 0 3 14 38 111 214 589 1387 3577 11298
0 2 2 13 33 65 166 425 1085 2963 12642
2 3 7 17 59 167 430 1173 3184 9799 4456
0 1 5 13 48 138 380 944 2420 6508 8682
1 5 13 39 102 229 698 1980 5105 11342 2205
0 1 7 11 38 82 241 658 1544 4323 12375
0 7 17 36 117 257 666 1855 4963 10377 1890
0 3 5 19 57 147 405 1147 2842 8009 8155
0 2 8 11 54 101 309 878 2290 5965 9507
0 4 7 36 78 212 540 1564 4024 11255 3170
0 0 6 7 43 112 251 792 1798 4965 10894
0 0 0 9 17 48 181 463 1002 2517 12487
2 2 20 34 106 226 640 1806 4936 10416 1720
1 0 5 12 36 95 233 604 1576 4324 11032
0 4 3 18 61 98 301 914 2396 6536 8857
1 3 16 30 65 167 466 1293 3278 9876 4240
0 1 7 23 57 119 373 1052 2676 7805 8558
0 1 9 28 79 202 435 1196 3039 8949 5499
0 2 6 15 37 113 263 776 1871 5135 10623
0 5 11 31 70 191 546 1629 4127 11393 3089
0 0 4 3 17 61 161 496 1151 2941 13174
1 3 10 23 74 182 450 1383 3372 9883 4325
0 1 3 3 11 57 111 301 736 1814 13271
0 3 12 27 67 183 507 1419 3505 10247 4599
0 0 3 4 20 51 153 375 816 2165 13172
1 3 5 18 35 126 408 1223 3241 10018 4095
2 7 16 27 92 240 702 1928 5241 10941 2072
0 0 1 1 18 63 155 404 841 2278 12304
2 7 13 37 107 201 574 1640 4367 9554 1654
4 3 9 42 89 214 591 1738 4668 9872 2026
1 2 8 30 83 208 438 1414 3868 10895 3087
0 2 10 19 27 130 297 715 1891 5231 9459
2 1 13 23 66 167 509 1437 4019 10192 2407
0 2 8 18 44 115 388 1023 2532 7059 7966
2 3 10 37 84 242 646 1724 4664 10613 1813
2 4 11 30 81 204 499 1484 4047 9600 2049
0 0 2 11 27 65 169 452 984 2771 12501
0 0 4 14 29 101 217 623 1467 3928 11999
1 6 12 21 85 171 503 1423 3793 9632 2126
0 2 8 13 43 124 319 914 2316 6403 9241
2 1 2 27 78 232 536 1391 3611 10200 2730
1 1 6 5 41 97 233 573 1499 4139 11028
2 2 12 32 78 249 519 1557 4105 10594 2311
1 3 15 37 94 289 715 2041 5335 11290 1834
0 7 13 49 107 230 626 1707 4320 9249 1623
0 3 6 17 42 128 399 1037 2623 7248 8533
2 3 16 30 96 236 658 1898 5236 11252 1936
0 2 13 34 75 210 513 1428 3621 10663 4846
0 1 1 10 26 82 221 570 1324 3566 11784
2 0 5 12 34 106 339 947 2328 6545 8824
1 5 9 24 114 235 586 1651 4352 10852 2535
0 2 4 19 54 134 312 856 2063 5766 10106
1 1 2 17 38 120 310 893 2383 6839 8808
0 5 9 45 113 253 706 2013 5161 11841 2273
0 8 11 28 94 230 671 1886 4710 11370 2171
0 1 5 10 53 144 340 1082 2645 7266 8447
1 5 10 39 119 297 793 2164 5512 11658 1606
1 4 10 28 89 175 451 1519 4038 10660 2755
3 4 8 30 72 226 580 1560 4188 8950 1754
0 2 11 25 58 186 461 1288 3278 9559 4980
0 3 10 25 64 191 443 1463 3610 10746 5263
2 5 7 27 87 223 557 1559 4350 10431 1562
0 1 6 22 74 207 394 1032 2608 7118 6842
0 1 6 16 48 144 307 852 2131 6065 8803
0 8 7 37 118 280 694 2007 5457 10827 1530
0 1 2 14 29 104 288 737 1673 4402 11238
1 1 6 11 40 79 182 615 1561 4321 10277
1 4 9 29 69 250 529 1525 4160 10917 2257
0 4 18 52 100 295 769 2233 5859 11194 1612
0 0 2 16 53 99 235 725 1676 4388 12379
1 3 14 45 114 234 669 1898 4915 11536 1949
1 6 9 32 96 204 601 1694 4444 10336 2213
0 0 8 24 54 175 431 1202 2950 8003 7418
0 0 6 21 35 109 228 679 1669 4530 11408
0 0 2 8 32 101 267 712 1698 4252 11007
1 3 6 18 67 170 369 1219 3130 9458 4359
0 1 2 6 34 98 251 751 1723 4526 11282
0 3 4 9 26 116 294 678 1770 4698 9840
0 0 0 3 21 44 137 342 717 1773 12294
1 2 8 21 66 211 435 1235 3180 9510 4680
1 2 10 16 50 146 391 1064 2792 8512 6024
0 1 3 10 27 103 165 457 1197 3171 13023
1 5 18 40 119 280 678 2041 5262 10545 1742
1 3 10 24 78 199 420 1204 3129 8920 4855
1 4 5 29 75 202 464 1220 3309 9652 2811
0 4 7 42 80 199 542 1528 3719 10907 4206
0 3 4 9 24 91 214 695 1529 4393 10932
1 3 5 18 60 215 545 1605 3906 11600 3668
0 0 2 17 23 98 214 582 1395 3823 11335
0 0 5 17 23 117 197 509 1361 3446 9902
0 0 5 14 54 119 317 877 2169 6130 10110
1 7 7 35 83 191 533 1604 4115 10807 2655
0 0 2 7 18 52 136 292 702 1694 11800
0 1 3 4 15 73 177 418 1047 2767 12676
0 2 13 28 105 228 606 1781 4481 12106 2939
1 6 14 19 103 242 619 1771 4659 10112 1425
0 2 3 14 40 134 281 758 1954 5174 9329
0 2 8 33 98 244 568 1657 3915 11324 3332
1 1 9 23 79 202 522 1402 3554 10492 4971
0 3 6 31 59 202 427 1233 3182 8939 5491
0 4 11 21 72 133 402 1122 2815 8465 5399
0 0 6 13 40 94 245 647 1711 4640 11432
0 0 2 5 24 55 131 317 656 1728 12688
0 2 18 24 105 177 485 1394 3724 10400 4633
1 0 4 7 21 61 178 441 1091 3108 12575
0 4 15 30 103 245 646 1745 4451 11207 2500
0 1 0 13 31 143 258 763 1782 4742 10339
0 5 10 27 76 206 568 1663 3997 11386 3390
0 7 20 32 84 216 615 1703 4630 10824 2682
2 3 5 25 67 163 414 1220 3256 9470 4820
1 3 16 36 103 223 640 1901 5043 10404 1882
0 4 13 27 77 211 504 1549 3682 10955 3916
0 0 10 26 72 202 518 1494 3766 10673 5897
1 3 8 24 52 186 396 1062 2875 8550 4272
2 2 16 44 114 268 672 2010 5050 10999 1944
1 1 6 23 58 164 420 1226 2997 8697 6698
0 0 1 4 20 55 129 338 710 1896 12553
0 1 10 25 45 125 321 872 2235 6356 9402
4 1 10 32 60 190 567 1581 4335 10560 2193
1 1 17 38 108 252 630 1704 4533 10757 2184
0 0 4 22 57 121 268 779 1996 5686 10438
0 1 10 14 50 169 401 1098 2645 8192 7067
2 4 7 25 60 190 441 1301 3378 9605 2797
0 0 5 10 54 166 388 1051 2333 6571 9268
0 0 2 8 15 65 159 338 842 1997 12177
0 0 1 9 20 85 201 417 1061 2772 11726
0 1 0 6 25 83 200 401 991 2495 12349
1 3 10 31 67 219 572 1697 4293 12008 3007
0 3 9 14 53 138 318 1020 2481 7290 7849
2 6 8 26 70 222 514 1512 4021 10599 2488
0 3 12 37 84 185 598 1692 4047 11258 3596
0 0 1 4 11 52 145 449 1031 2387 12130
0 8 7 34 93 202 546 1534 3882 10625 3299
0 2 8 24 53 164 394 1106 2835 7846 7031
0 0 5 24 68 173 423 1168 2972 8447 7867
1 0 8 16 45 92 292 805 2026 5698 9063
0 6 14 28 105 222 649 1922 4806 11387 2066
0 2 5 13 38 112 249 654 1683 4477 11047
0 0 5 10 32 78 169 427 1130 3071 12668
3 4 13 23 91 251 519 1608 4503 10317 1848
0 2 13 33 61 158 447 1190 3093 8780 5983
3 3 8 38 92 227 642 1782 4532 10101 2492
0 0 2 3 19 53 162 427 1003 2564 13153
1 3 9 24 78 246 552 1759 4527 11967 2808
0 0 0 4 10 27 100 301 587 1715 11519
0 0 4 13 37 96 224 595 1393 3664 12303
1 6 18 23 85 291 702 1971 5075 10893 1521
0 1 2 1 21 54 148 397 903 2254 13649
1 4 16 30 69 202 533 1524 3975 10904 3100
0 0 1 19 44 104 253 747 1764 4720 10639
0 3 14 40 105 254 673 1934 4767 12314 2243
0 0 2 10 28 65 155 403 857 2207 12312
0 1 6 18 55 132 284 865 2169 5974 10544
0 1 3 13 55 98 244 618 1615 4147 10343
1 6 11 38 107 229 611 1608 4177 10457 2130
0 8 15 36 83 244 585 1589 4093 10256 2672
0 0 3 17 51 153 324 927 2285 6243 9619
0 0 5 13 28 83 161 437 1101 2873 12382
0 1 17 23 90 196 474 1306 3270 9177 5350
0 5 9 15 62 170 361 1085 2732 8202 5926
1 2 6 41 76 200 576 1574 3883 10761 3573
0 3 5 26 54 155 396 1146 2939 8506 8098
0 3 5 17 45 91 268 849 2150 6046 10388
0 5 9 38 64 182 455 1194 3294 9626 4794
0 2 1 7 44 95 241 719 1761 4643 10720
0 4 8 48 85 220 569 1739 4329 11114 2934
0 2 8 14 55 141 280 778 1986 5598 7453
1 3 10 24 67 227 523 1420 3430 10078 3648
0 5 9 26 71 163 466 1388 3534 10513 4096
1 4 11 24 110 251 735 2088 5355 11475 1607
0 3 7 20 49 141 319 917 2255 6307 9063
2 3 8 24 77 173 567 1563 3982 11327 2814
1 5 7 22 63 181 464 1199 3112 9136 3871
0 0 10 35 82 200 547 1685 3838 11454 4173
0 0 2 9 14 76 162 432 1034 2509 11951
0 0 5 17 38 110 283 721 1812 4917 11670
2 4 7 27 55 173 511 1421 3733 10309 3010
0 7 15 21 67 193 471 1317 3459 10195 3863
0 0 0 5 19 49 114 339 718 1823 12426
0 0 3 12 17 78 159 377 970 2534 11452
1 2 10 18 42 111 372 1155 2894 8321 6487
0 0 2 13 61 165 311 848 1999 4968 9006
0 2 5 24 92 183 511 1433 3588 10075 5362
2 3 12 32 75 194 593 1633 4300 10385 2055
0 2 9 22 59 171 420 1421 3280 9801 5140
0 1 2 11 38 99 227 577 1517 3901 12246
1 2 5 32 77 226 613 1561 4450 9979 2641
0 2 4 9 17 91 215 520 1257 3288 11990
0 2 11 31 89 219 556 1703 4145 11970 3538
0 2 10 17 39 103 283 875 2127 5773 8833
0 4 9 26 109 233 531 1588 4095 11301 2403
1 6 8 18 78 210 453 1500 3745 10784 3623
0 3 7 19 45 136 333 904 2414 6746 8582
0 3 11 26 84 192 504 1634 4072 11764 3401
1 1 13 20 70 175 394 1033 2835 7974 5692
0 1 15 31 67 198 604 1631 4102 11760 3861
0 3 8 45 93 247 613 1715 4212 11567 2860
1 8 10 40 101 205 641 1848 4812 10893 2295
1 6 6 27 76 242 603 1667 4608 9954 1831
1 5 16 42 90 231 675 1943 5051 11011 1620
1 2 9 38 101 221 561 1695 4338 10439 2019
2 3 9 25 92 248 685 2000 5030 12157 2236
1 6 14 25 64 198 575 1576 4482 9389 3166
0 5 5 22 46 112 334 860 2335 6634 8648
0 2 7 10 39 88 216 662 1702 4432 10213
0 1 2 7 28 83 272 769 1750 4859 12327
1 7 12 23 72 212 520 1564 3874 10591 2483
0 5 11 33 70 222 517 1404 3675 10407 3134
1 2 5 23 69 185 457 1252 3176 9486 5663
1 1 1 5 41 80 241 721 1854 5135 10050
2 3 18 30 82 212 543 1609 4431 10204 2037
0 2 13 24 73 154 483 1369 3399 9815 5605
1 2 8 21 65 154 443 1260 3232 9820 5185
0 1 0 5 16 48 170 402 1024 2462 12858
0 5 12 35 95 216 563 1790 4595 11040 2514
1 8 12 27 72 224 613 1480 4262 10680 2648
0 0 0 6 15 59 134 343 736 1978 11704
0 4 10 23 79 229 536 1595 4111 11797 3062
0 1 2 8 27 98 170 483 1088 2963 11974
0 1 4 14 14 81 148 504 1176 3030 12425
2 3 3 41 90 209 611 1618 4061 10792 2720
0 2 5 24 43 136 336 844 2232 6130 10210
3 6 12 22 76 217 576 1574 4606 9744 1965
0 0 1 10 25 63 125 344 764 2046 11949
0 2 2 25 54 116 391 1066 2528 7311 8614
0 2 3 9 29 70 208 487 1215 3237 11571
0 1 5 13 26 81 227 675 1616 4234 11808
0 1 1 20 50 123 308 826 1929 5091 10657
1 2 6 20 59 137 366 1108 2728 7560 7481
2 1 13 39 114 216 560 1576 3941 10399 2730
1 2 11 16 73 182 469 1216 3074 9204 5192
0 3 6 11 45 109 272 729 1823 5191 9093
0 4 12 35 82 213 588 1488 3871 10156 2880
0 1 2 8 28 79 166 511 1307 3483 13072
1 1 7 34 104 236 600 1747 4205 11523 3608
1 4 7 28 88 245 587 1616 4705 9835 2344
1 0 4 13 44 122 312 801 2048 5681 8929
2 1 8 21 75 215 560 1461 3935 10762 2995
0 4 9 25 65 203 477 1423 3495 9940 5637
1 2 18 42 121 292 752 2152 5429 11724 1574
0 1 6 22 41 137 346 841 2203 5944 9693
0 3 12 19 59 193 461 1339 3233 9591 5767
0 1 8 23 62 173 461 1268 3123 9634 5726
0 0 1 3 17 65 149 408 866 2344 12181
0 5 10 29 108 258 668 1826 4792 12063 2740
0 4 11 39 70 206 573 1578 4062 11056 3610
0 0 2 7 19 59 135 399 905 2486 12672
1 2 10 15 36 109 289 898 2332 6788 7917
0 1 6 20 78 160 299 897 2449 6398 7638
1 1 9 18 44 145 337 1017 2419 7415 8037
0 0 0 6 22 52 117 313 807 1968 12547
1 2 10 23 52 156 431 1219 3244 9814 5502
0 1 8 20 47 147 308 904 2402 6644 8372
0 1 4 22 54 166 428 1258 3057 8783 7517
2 4 7 45 78 224 640 1700 4509 10421 1954
1 7 6 24 87 217 553 1678 4445 10395 1797
0 0 2 10 38 69 153 510 1106 2742 10933
0 0 3 6 28 61 141 321 735 1954 12354
0 5 6 14 83 156 367 1031 2612 7871 6633
0 1 12 26 72 213 533 1557 3838 11226 4550
1 7 11 23 77 216 550 1500 3857 9855 1961
1 0 5 6 15 86 166 476 1198 3298 12959
0 1 5 14 23 67 221 603 1530 4089 12210
0 2 4 9 34 108 246 687 1715 4566 11003
0 4 16 40 97 248 621 1757 4576 11652 2579
2 4 10 28 79 206 590 1594 4231 10616 2178
2 2 7 20 57 174 411 1179 3109 9052 3882
0 3 5 12 37 139 293 893 2139 6018 9184
1 4 17 35 104 257 684 1835 5091 10698 1563
1 0 1 6 18 79 248 615 1529 3859 11438
1 4 11 41 98 200 598 1736 4458 11260 2480
0 3 1 22 75 166 372 1064 2704 8034 7018
0 3 12 24 57 153 399 1204 2999 8598 7012
2 2 7 24 58 165 440 1154 2995 9295 5227
1 2 13 20 60 150 383 1060 2916 8971 5779
2 5 13 32 97 254 648 1798 4784 10716 2337
1 7 13 31 83 247 600 1515 4155 10472 2470
0 1 12 21 62 190 417 1083 2594 7186 6511
1 5 12 25 67 205 496 1535 3652 10473 3727
0 0 3 9 26 64 161 483 1051 2733 12252
0 3 7 8 29 95 242 671 1692 4742 10693
2 4 12 40 79 199 597 1596 4348 10599 2043
3 4 10 25 101 218 568 1573 4377 9576 1871
0 1 1 9 35 77 173 415 1011 2737 12640
0 0 2 5 38 80 249 616 1356 3547 11695
0 0 0 4 18 65 152 432 912 2519 11258
2 0 5 14 59 148 403 1120 3014 9211 4709
1 4 4 22 53 174 469 1510 3687 11051 4105
0 2 9 39 83 214 655 1677 4236 12051 2870
1 7 7 43 81 264 679 1973 5231 11013 1924
1 1 13 32 93 214 582 1628 4154 11425 2850
0 2 3 10 47 122 271 830 2065 5555 10701
0 1 3 2 23 48 138 288 638 1809 11447
0 1 1 13 46 83 225 609 1479 3812 12374
2 6 11 42 91 254 638 1761 4544 8337 1430
0 4 2 26 44 112 320 934 2273 6260 9838
0 1 7 15 35 119 333 1056 2464 6999 9725
0 1 3 13 43 80 212 693 1521 4053 11892
0 1 13 22 90 203 560 1531 4073 11501 4060
2 6 14 19 70 188 542 1517 4231 10197 2030
0 0 1 2 18 44 159 385 823 2013 12336
1 5 18 29 96 242 707 2053 5390 11925 1858
0 2 6 17 43 114 260 882 2053 5872 9988
2 2 8 19 52 121 369 1111 2783 8382 6258
0 4 4 21 55 121 324 967 2316 6583 8826
0 5 17 32 59 169 493 1328 3605 10491 4159
1 1 6 28 81 221 599 1691 4187 11819 3421
0 1 18 20 93 244 546 1604 4220 10910 2449
0 2 8 24 52 165 392 1235 2849 8648 6764
1 3 10 29 67 186 414 1241 3134 9167 5165
0 1 5 7 19 75 175 597 1416 4010 11208
1 1 4 33 81 244 577 1581 3943 11242 3171
0 0 4 9 27 109 248 612 1418 3781 11113
0 1 0 6 36 88 179 518 1194 3111 13109
0 0 0 6 26 66 182 446 968 2607 11800
1 1 16 37 82 239 583 1621 4044 10872 2806
0 1 3 10 23 69 179 541 1227 3092 12322
1 5 4 23 97 221 596 1707 4313 11515 2930
0 0 11 25 57 141 342 902 2477 6878 9225
0 11 11 44 63 225 569 1616 4521 9668 1891
0 4 4 27 55 148 394 1150 2828 8172 7091
0 5 5 20 38 144 379 974 2602 7566 6976
0 2 7 30 74 252 594 1578 3994 11377 3792
0 3 4 22 63 133 309 930 2411 6316 8493
2 0 7 23 74 212 484 1365 3696 9700 2297
2 3 5 27 49 143 368 1102 2766 8627 5669
1 6 5 32 80 180 416 1161 3170 9570 3676
0 3 9 16 42 151 376 1052 2529 7316 7860
1 3 6 15 68 192 483 1329 3473 10447 4999
0 0 2 15 37 104 250 694 1738 4330 11620
0 0 3 7 29 63 169 427 952 2399 12833
3 1 5 25 50 134 393 1014 2739 8407 5604
1 1 5 8 34 134 286 740 1848 5028 9141
1 3 5 40 112 265 686 2017 5152 12430 2334
0 1 11 22 52 172 378 1032 2486 6992 7154
0 4 14 23 75 189 485 1301 3147 9230 3821
1 2 12 20 86 196 500 1381 3308 9638 4054
1 1 4 14 52 114 310 936 2409 6883 7233
1 7 6 37 90 216 585 1634 4144 10593 3027
0 2 3 19 38 134 293 868 2046 5519 10412
0 2 8 34 44 148 360 1180 3017 8380 7455
1 5 16 31 94 223 600 1640 4215 10529 2710
1 6 21 32 93 264 678 1826 4979 10342 1640
1 0 1 13 32 100 272 725 1745 4750 10600
1 3 7 22 59 144 377 1220 2894 8885 6059
0 1 9 10 50 134 371 1079 2855 7954 9101
0 5 17 24 87 213 529 1557 3935 10534 3615
1 1 6 11 32 107 244 677 1813 5204 10784
0 5 11 42 106 251 696 2000 5114 12342 2177
1 3 5 20 54 133 335 1043 2708 7703 8420
1 3 7 18 55 166 474 1230 3189 9384 4436
0 2 6 20 41 111 276 798 2074 5735 9712
0 0 0 11 38 104 240 722 1682 3995 11272
0 4 17 45 131 284 753 2015 5253 11058 1482
0 3 4 30 101 240 580 1672 3971 11714 3298
0 2 5 19 42 109 319 892 2198 5764 9535
0 2 5 17 44 137 316 863 2174 5995 8538
0 3 5 13 44 122 270 758 1897 5225 9810
0 0 2 7 9 32 119 306 690 1667 12347
1 5 13 39 72 221 575 1590 4001 10781 2853
1 1 5 18 55 168 377 1196 2990 9003 5899
0 1 0 4 14 59 162 330 804 2047 11661
2 3 8 19 51 163 435 1426 3822 10029 2643
0 2 9 15 51 118 325 897 2297 6794 9387
0 2 1 7 29 84 193 477 1153 3066 12294
0 0 0 5 21 65 141 351 792 1935 11718
1 7 14 45 84 228 566 1573 4405 9822 2377
0 0 1 3 12 48 107 285 672 1704 11499
1 4 12 37 110 266 750 2050 5461 11696 1971
2 3 14 21 69 180 470 1311 3703 10407 2776
0 2 10 28 53 178 383 1032 2637 7286 7222
1 1 7 23 70 171 500 1407 3421 10405 4685
0 0 17 41 107 259 679 2014 4905 12291 2188
1 3 9 11 43 139 383 1101 2646 7506 7124
2 5 13 35 100 265 645 1887 4947 10523 1702
1 2 4 20 66 176 425 1274 3253 9892 5135
0 0 4 7 18 52 142 440 1036 2474 13234
0 2 9 15 24 92 270 762 2001 5398 9872
0 0 4 7 45 88 245 626 1566 4329 10946
0 4 12 22 49 140 329 989 2531 7360 6212
1 2 6 23 41 130 335 1002 2563 7665 7586
2 0 2 17 47 148 341 941 2274 6827 7924
0 0 1 7 5 26 116 267 612 1506 11705
0 3 2 17 41 106 257 700 1757 4877 10111
1 3 13 28 80 244 578 1543 4038 10071 1994
1 4 12 31 82 237 643 1828 4706 11327 2322
0 1 2 7 18 47 157 461 1020 2668 13419
0 1 3 15 32 105 281 740 1751 4653 10358
0 0 13 31 83 219 553 1627 3950 11413 4054
2 0 8 26 64 199 516 1452 3832 10605 3485
0 3 6 10 36 89 204 655 1776 4741 10740
2 0 5 19 36 96 244 776 2000 5764 8603
0 6 5 11 52 147 310 931 2262 6897 7620
4 3 10 27 104 267 637 1864 5020 10883 1767
0 2 7 12 42 105 290 803 2000 5584 10943
0 0 2 9 25 73 169 418 1063 2558 13247
0 4 16 27 63 182 478 1487 3833 10341 3421
1 6 12 32 103 256 688 2038 5255 10768 1746
0 1 6 21 43 139 352 1043 2510 6711 9300
0 4 8 35 65 220 540 1477 3794 11120 4148
0 1 12 28 80 227 562 1706 4159 11868 3180
1 2 7 24 62 189 470 1372 3460 9952 4119
0 1 4 7 43 74 208 637 1478 4105 10899
0 2 5 17 49 93 289 840 2046 5625 9859
1 6 10 26 87 171 555 1512 3778 10261 3006
2 0 6 19 52 147 315 960 2411 6878 7150
0 2 5 27 67 117 366 1088 2514 6936 8831
0 1 4 12 29 55 177 526 1203 3044 13208
0 1 2 18 45 108 316 699 1758 4571 10383
0 0 2 10 34 76 192 542 1132 2870 12977
0 8 9 35 95 233 577 1640 4339 10026 2331
2 5 13 30 98 231 550 1586 4209 9857 2249
0 3 6 17 45 94 328 946 2142 6057 9848
0 2 6 7 31 95 227 599 1597 4627 10746
0 3 3 44 115 270 651 1759 4529 11923 2459
0 1 6 16 31 90 265 750 1765 4976 10188
1 0 0 11 22 83 201 655 1452 3879 11502
1 1 10 22 54 176 448 1217 3083 9304 4830
1 7 13 42 88 263 667 1806 4748 10767 1690
1 2 9 35 96 201 529 1509 3822 9826 2699
1 3 14 23 65 169 416 1201 3130 9317 4429
0 0 3 5 22 81 196 578 1304 3381 12293
1 5 11 32 67 199 524 1420 3860 10030 3365
0 1 6 21 77 191 452 1380 3439 9771 5992
0 1 6 24 78 197 452 1286 3092 8769 5886
0 3 4 17 40 133 324 879 2277 6147 8486
1 3 13 28 53 165 455 1234 3329 9507 4109
0 3 8 16 42 126 286 915 2257 6370 9579
3 2 15 29 93 224 561 1574 4657 9273 1603
0 6 13 36 107 297 732 2101 5228 11527 1930
0 0 8 21 64 166 376 1090 2639 7381 8832
0 2 4 8 25 51 155 423 1071 2982 13595
2 1 11 23 77 213 596 1662 4530 11379 2164
0 0 6 14 41 104 232 548 1268 3428 10800
0 0 2 12 27 90 255 670 1501 4055 12336
0 2 11 37 98 264 698 1901 4792 12058 2611
1 1 4 12 23 129 335 887 2081 5740 9346
0 4 10 28 78 200 476 1460 3616 10622 4410
0 2 6 26 59 136 385 1116 2724 7728 8536
0 0 0 6 33 68 192 358 908 2159 11948
0 0 1 8 19 62 140 448 964 2586 11794
2 2 12 22 66 184 503 1420 3421 10094 3179
1 2 3 25 70 170 425 1255 3109 8642 5640
1 1 0 14 16 98 240 562 1363 3507 10113
0 0 10 17 51 117 273 809 1925 5316 10120
0 1 4 10 35 88 192 543 1416 3545 11442
1 3 5 16 53 181 424 1285 3198 9513 5906
0 6 16 37 88 283 662 1971 5103 11649 2241
0 4 11 28 53 184 440 1390 3612 10474 4418
0 0 6 9 26 88 252 792 1899 5297 11864
1 3 8 39 98 195 580 1506 4206 10699 2941
0 0 3 14 37 102 242 693 1587 4198 11994
0 1 8 31 56 136 384 1136 2826 7886 7620
1 4 10 28 79 178 499 1318 3403 9566 3671
2 5 9 26 85 213 547 1484 3997 9603 1875
0 1 7 25 62 176 412 1261 2962 8598 6588
0 4 16 11 59 179 471 1391 3478 10377 4853
2 3 19 38 102 236 599 1638 4422 9666 1950
1 3 9 28 107 265 608 1763 4797 10566 1682
0 1 0 13 33 71 186 564 1330 3526 11737
1 3 14 26 74 182 544 1650 4207 11608 3048
0 5 14 41 119 270 768 2101 5404 11549 2056
0 1 9 34 93 205 542 1603 3915 10850 4277
1 2 11 18 76 154 398 1212 3039 8906 5718
0 0 8 21 49 144 356 1046 2387 7321 8479
0 5 13 29 110 274 705 1946 5060 11505 2064
1 0 4 11 24 107 222 624 1487 3924 10663
1 3 11 35 125 262 732 1967 5085 11861 1803
0 0 4 10 38 105 280 623 1484 3570 11302
1 7 16 45 92 247 700 1938 4935 10876 1361
0 1 8 8 40 121 369 987 2461 6913 9365
0 0 2 5 13 45 108 283 617 1670 11313
0 1 4 13 27 111 233 536 1339 3284 10322
0 2 2 7 12 59 151 483 1082 2828 13645
0 0 4 11 47 91 214 620 1508 4087 12050
0 1 6 13 39 108 330 1047 2403 6913 9730
0 0 1 6 27 98 168 404 904 2360 11593
0 3 18 42 104 261 681 1973 5064 11862 2195
0 1 5 24 80 174 427 1248 3089 8340 7007
0 3 1 15 30 79 256 640 1662 4679 11722
0 0 0 1 11 49 126 360 672 1747 11557
1 2 9 31 81 219 575 1550 4144 10890 2719
1 0 6 19 49 150 365 942 2657 7856 6010
1 8 8 31 86 214 559 1596 4030 10128 3110
1 4 10 53 125 248 659 1882 4890 11256 2216
1 5 16 34 87 215 602 1628 4460 10567 2240
1 3 17 32 108 262 654 1881 5131 10062 1597
1 0 13 22 95 219 513 1420 3621 9971 3380
0 1 2 14 17 63 154 504 1206 3020 12707
0 1 4 10 35 109 279 763 1873 5240 10541
1 0 3 11 40 117 250 649 1600 4286 8689
0 0 2 9 36 89 242 565 1428 3682 12290
0 0 2 4 21 97 208 558 1319 3495 11713
0 2 8 20 69 185 447 1192 2910 8459 6072
1 2 11 32 73 215 446 1228 3016 8804 3030
1 7 9 51 85 222 607 1919 4901 11423 2127
1 3 5 20 60 151 395 1131 2876 8552 7468
1 2 9 21 63 167 544 1540 4216 11936 3985
2 2 12 23 72 248 506 1450 3604 9660 2237
0 0 1 8 28 62 111 363 853 1974 11775
2 3 8 18 53 132 331 1067 2712 8219 5695
1 5 16 39 116 287 729 2008 5241 10723 2025
0 1 6 18 32 73 196 551 1363 3718 10937
0 4 17 26 76 235 471 1395 3550 9588 2985
0 2 4 12 32 121 255 658 1613 4488 10047
1 2 9 41 94 259 716 1796 5068 10002 1520
2 6 12 31 74 225 520 1410 3960 9745 1825
1 1 10 28 71 174 433 1140 2868 8269 5746
3 3 15 42 84 276 613 1837 4735 10613 1887
0 5 5 9 36 93 245 673 1765 5017 10337
1 9 17 30 76 213 540 1588 4177 10144 2250
1 3 9 24 85 276 635 1853 4584 12396 2575
1 4 4 24 57 179 521 1526 3864 11584 3456
2 5 7 27 77 199 532 1530 3955 9646 2339
0 1 4 23 43 146 312 795 1947 4722 8312
1 1 9 15 51 143 342 942 2381 6694 8338
0 1 4 9 33 80 238 660 1566 4094 11832
0 1 15 22 88 190 523 1457 3473 10017 4296
1 3 4 19 50 141 368 997 2857 8590 6451
1 3 18 36 95 243 600 1504 4046 9461 1575
0 4 7 33 73 195 486 1476 3607 10702 4534
0 1 7 37 84 188 510 1406 3483 10080 4578
1 6 7 29 94 254 617 1789 4674 11296 1990
0 1 15 32 87 202 491 1658 4243 11850 3194
0 4 10 29 80 177 547 1674 4117 11676 3011
1 4 11 51 108 227 614 1809 4646 11343 2295
0 2 1 6 20 100 222 675 1580 4260 11411
0 0 1 2 16 63 144 352 805 2106 11665
1 5 20 23 77 199 511 1515 3893 10043 2924
1 1 10 27 68 162 382 1201 3130 8893 6222
1 1 6 20 62 94 312 883 2288 6838 8660
1 1 5 31 76 178 396 1138 3051 8948 3277
0 1 0 1 12 55 140 308 800 1828 13631
0 0 13 23 88 220 572 1552 3888 11106 3465
1 4 4 15 28 122 363 1016 2730 7816 6751
2 3 6 29 74 215 533 1558 4210 10633 2259
1 2 3 9 44 133 300 880 2273 5926 8972
0 0 1 5 13 45 88 280 574 1481 12152
0 7 15 30 121 261 651 1861 4798 10457 1866
0 1 10 14 30 113 348 911 2186 5770 10245
1 4 10 33 72 211 587 1515 3822 10973 3232
3 2 9 27 72 178 479 1439 3737 10150 2522
0 1 10 24 60 161 420 1250 2983 8449 7614
0 6 7 29 99 236 587 1701 4204 11274 2953
1 1 2 11 30 86 212 580 1551 4012 11589
0 1 3 8 15 45 120 395 778 2082 13462
1 2 5 15 70 131 363 1035 2628 7380 7921
1 4 18 33 83 244 683 1979 4799 11362 2141
0 6 16 33 92 252 586 1610 4111 9874 2626
0 2 5 10 31 123 261 652 1748 4889 11420
1 1 11 26 76 190 416 1118 3035 8142 4375
1 2 11 46 99 226 537 1570 4069 10675 2763
0 1 5 14 34 118 351 947 2342 6459 9843
0 0 0 4 14 91 144 438 925 2527 11428
0 5 16 44 88 245 651 1815 4677 10386 1776
0 7 12 43 123 251 639 1943 4974 11420 1874
1 3 12 36 57 156 440 1231 3429 9970 3603
2 5 5 31 113 248 754 2133 5544 11727 1534
0 1 2 7 27 104 219 591 1643 4252 10233
0 2 9 20 58 158 401 1090 2747 7716 6364
0 0 0 10 51 98 260 686 1698 4354 11632
1 2 3 30 40 110 311 885 2258 6526 8466
1 1 11 31 67 160 485 1354 3665 10919 4311
0 6 6 39 90 207 575 1600 3936 11242 3599
0 3 8 16 64 188 477 1431 3470 10404 5424
0 1 3 12 41 91 178 541 1356 3764 11880
0 5 10 16 71 195 437 1186 3023 8652 4315
0 3 2 19 33 116 297 806 2037 5716 9886
1 5 9 51 121 332 790 2161 5618 12061 1772
0 0 7 12 31 107 340 935 2262 5947 10086
0 5 10 29 71 204 501 1466 3819 11181 3924
2 5 10 23 91 213 632 1813 4585 11434 2471
1 2 8 14 48 101 332 841 2144 6074 8415
0 3 11 36 75 238 586 1718 4298 12074 3187
2 4 8 17 67 194 472 1306 3666 10154 2620
0 0 8 18 64 223 486 1300 3148 8910 6814
0 6 9 19 47 97 269 925 2333 6864 8648
0 2 11 17 56 117 383 1170 2910 7941 8224
1 1 6 19 61 189 421 1194 2915 8485 6267
1 7 14 31 81 211 565 1630 4414 10729 2461
0 1 3 12 26 78 167 522 1185 3275 12222
0 0 1 6 29 81 206 587 1316 3353 12143
0 6 9 36 94 230 574 1663 4279 10693 2098
0 1 2 8 43 104 297 889 2066 5800 11229
2 3 13 34 71 236 596 1683 4363 10814 2338
1 2 7 32 88 223 607 1719 4178 12060 3122
0 10 11 41 97 240 640 1790 4840 10762 1969
0 0 1 7 19 59 137 373 807 2114 12986
0 4 4 21 56 137 310 825 2304 6057 8892
1 2 5 26 73 172 385 1124 2931 8864 4940
1 4 5 25 87 198 556 1543 4123 10540 3112
1 4 16 32 98 211 551 1575 4242 9712 1824
0 3 16 42 123 245 616 1873 4814 11590 2424
0 0 4 7 19 70 185 468 1110 2997 11682
0 7 15 40 93 226 566 1599 4137 9916 2419
2 3 7 27 50 166 413 1185 3278 9525 4055
2 1 7 15 53 158 410 1096 2784 8279 5918
1 8 13 26 69 202 509 1402 3961 9915 2419
2 3 12 24 97 237 664 1828 4814 11291 1585
0 0 1 7 27 100 202 525 1162 3062 11113
0 1 3 21 55 137 344 1062 2619 7201 9130
1 7 11 42 94 260 607 1904 4670 11454 2231
1 2 8 16 51 140 402 1137 2679 8164 7531
0 0 0 11 34 81 212 506 1185 3135 12438
0 0 6 6 26 77 211 505 1178 3173 12289
0 2 4 33 67 152 424 1206 3032 9053 6773
3 2 11 29 74 182 494 1345 3626 9856 2645
1 1 7 22 70 133 364 944 2467 7052 8098
0 2 7 13 33 105 270 672 1875 5056 10285
1 2 11 30 69 192 466 1409 3514 10314 4150
0 1 7 7 33 67 172 581 1395 3813 11780
0 2 15 22 67 187 512 1429 3556 10253 4884
4 4 9 37 97 301 663 1837 4918 10072 1307
0 1 1 7 27 76 216 578 1382 3571 12511
1 3 11 28 79 209 537 1461 3984 10237 2794
0 2 6 31 93 223 448 1466 3386 9543 4582
1 2 23 46 112 273 661 1754 4580 8591 1810
0 2 7 19 46 118 332 962 2344 6339 9495
0 0 2 3 13 63 117 261 617 1526 11814
1 2 5 17 56 172 432 1095 2787 8229 5510
1 4 17 35 93 293 689 1934 5125 11334 1811
2 1 5 24 52 96 285 876 2446 6763 7256
0 5 10 24 97 208 550 1582 4008 10929 3026
1 2 12 32 74 196 518 1440 3665 10318 3666
2 3 11 29 83 216 577 1583 4345 10624 2275
2 4 8 20 82 265 628 1736 4574 11067 2384
0 2 4 13 38 116 298 713 1807 5013 10322
0 0 9 16 48 111 267 781 1963 5182 10216
1 3 9 31 57 232 500 1602 3968 11491 3718
0 1 3 11 21 81 157 384 1027 2736 12040
1 6 14 36 72 205 540 1597 4171 9742 2063
1 6 12 41 84 196 538 1405 4068 10459 2970
2 5 10 34 85 251 592 1644 4276 10474 2072
0 9 11 21 99 258 634 1757 4674 10716 2505
0 0 3 6 21 65 146 433 998 2623 12184
0 1 3 16 31 108 235 651 1610 4293 11868
0 0 4 16 25 62 183 536 1309 3382 13471
2 3 9 14 58 184 464 1333 3426 9871 3729
0 4 12 37 76 228 612 1832 4811 12237 2541
