1.818000000000000000e+04
1.892500000000000000e+04
2.055400000000000000e+04
1.987300000000000000e+04
1.695000000000000000e+04
2.121200000000000000e+04
2.065700000000000000e+04
2.057500000000000000e+04
1.855700000000000000e+04
2.140700000000000000e+04
1.949200000000000000e+04
1.977200000000000000e+04
2.090900000000000000e+04
2.173200000000000000e+04
1.624000000000000000e+04
1.829200000000000000e+04
1.595500000000000000e+04
1.545500000000000000e+04
1.642400000000000000e+04
1.860600000000000000e+04
2.023200000000000000e+04
1.862900000000000000e+04
1.688600000000000000e+04
1.883100000000000000e+04
1.876700000000000000e+04
1.649200000000000000e+04
2.043400000000000000e+04
1.807200000000000000e+04
1.746500000000000000e+04
1.973000000000000000e+04
1.672100000000000000e+04
1.873100000000000000e+04
1.844200000000000000e+04
1.876600000000000000e+04
2.013300000000000000e+04
1.761500000000000000e+04
1.967600000000000000e+04
2.050800000000000000e+04
2.107700000000000000e+04
1.933500000000000000e+04
1.600600000000000000e+04
1.897800000000000000e+04
1.999900000000000000e+04
1.568800000000000000e+04
1.838300000000000000e+04
1.600300000000000000e+04
2.059800000000000000e+04
1.979700000000000000e+04
1.841000000000000000e+04
2.205100000000000000e+04
2.102000000000000000e+04
1.397000000000000000e+04
1.870100000000000000e+04
1.834700000000000000e+04
1.962400000000000000e+04
1.609200000000000000e+04
1.832700000000000000e+04
1.813500000000000000e+04
1.944200000000000000e+04
1.830200000000000000e+04
1.796200000000000000e+04
1.878600000000000000e+04
2.170100000000000000e+04
1.750100000000000000e+04
2.051700000000000000e+04
1.972200000000000000e+04
1.907400000000000000e+04
1.994200000000000000e+04
1.984200000000000000e+04
1.977400000000000000e+04
2.012500000000000000e+04
2.103900000000000000e+04
1.936100000000000000e+04
1.455100000000000000e+04
2.052200000000000000e+04
1.604400000000000000e+04
1.727900000000000000e+04
2.139600000000000000e+04
1.929900000000000000e+04
1.880400000000000000e+04
1.921800000000000000e+04
1.954800000000000000e+04
1.578200000000000000e+04
1.871100000000000000e+04
1.962900000000000000e+04
2.076400000000000000e+04
2.068500000000000000e+04
1.892400000000000000e+04
1.901500000000000000e+04
1.744900000000000000e+04
1.999600000000000000e+04
1.879200000000000000e+04
1.934500000000000000e+04
1.855400000000000000e+04
1.889100000000000000e+04
1.754700000000000000e+04
1.804300000000000000e+04
1.921000000000000000e+04
1.572700000000000000e+04
1.750200000000000000e+04
1.904100000000000000e+04
1.642200000000000000e+04
1.650200000000000000e+04
2.029600000000000000e+04
1.998900000000000000e+04
1.805800000000000000e+04
1.960100000000000000e+04
2.086800000000000000e+04
2.136300000000000000e+04
1.883000000000000000e+04
1.913000000000000000e+04
1.567800000000000000e+04
1.814600000000000000e+04
1.912900000000000000e+04
1.881700000000000000e+04
2.035400000000000000e+04
2.094800000000000000e+04
1.879900000000000000e+04
1.670800000000000000e+04
1.858200000000000000e+04
1.704500000000000000e+04
1.975100000000000000e+04
1.505600000000000000e+04
1.641300000000000000e+04
1.930600000000000000e+04
1.958200000000000000e+04
1.956900000000000000e+04
1.778400000000000000e+04
2.073400000000000000e+04
1.817700000000000000e+04
2.016900000000000000e+04
1.815800000000000000e+04
2.024900000000000000e+04
1.950400000000000000e+04
1.929700000000000000e+04
1.925700000000000000e+04
2.182500000000000000e+04
2.066900000000000000e+04
1.437400000000000000e+04
1.819600000000000000e+04
1.650000000000000000e+04
2.059400000000000000e+04
2.027000000000000000e+04
1.785100000000000000e+04
2.025000000000000000e+04
1.516400000000000000e+04
2.218100000000000000e+04
1.874200000000000000e+04
1.642000000000000000e+04
2.129200000000000000e+04
1.995400000000000000e+04
1.855000000000000000e+04
1.994400000000000000e+04
1.570700000000000000e+04
2.025300000000000000e+04
2.155200000000000000e+04
2.094300000000000000e+04
2.103500000000000000e+04
2.068300000000000000e+04
2.019000000000000000e+04
1.780600000000000000e+04
2.043400000000000000e+04
1.761700000000000000e+04
1.799700000000000000e+04
2.174600000000000000e+04
2.126200000000000000e+04
2.003700000000000000e+04
1.893900000000000000e+04
1.810200000000000000e+04
1.833700000000000000e+04
1.627900000000000000e+04
1.828100000000000000e+04
1.893500000000000000e+04
2.074100000000000000e+04
1.774400000000000000e+04
1.862900000000000000e+04
1.813400000000000000e+04
2.168900000000000000e+04
1.903500000000000000e+04
2.075200000000000000e+04
1.818000000000000000e+04
1.904000000000000000e+04
1.715200000000000000e+04
1.679100000000000000e+04
1.832700000000000000e+04
1.979600000000000000e+04
1.789800000000000000e+04
1.920200000000000000e+04
1.602100000000000000e+04
1.672200000000000000e+04
1.920200000000000000e+04
2.129000000000000000e+04
1.576400000000000000e+04
1.888800000000000000e+04
1.995500000000000000e+04
1.887700000000000000e+04
1.750100000000000000e+04
1.983800000000000000e+04
1.543300000000000000e+04
2.033300000000000000e+04
2.034800000000000000e+04
1.787600000000000000e+04
2.118000000000000000e+04
2.040300000000000000e+04
1.960800000000000000e+04
1.733900000000000000e+04
2.210400000000000000e+04
1.491700000000000000e+04
1.669600000000000000e+04
2.113000000000000000e+04
1.730100000000000000e+04
2.075500000000000000e+04
2.152500000000000000e+04
1.978600000000000000e+04
2.125100000000000000e+04
2.063300000000000000e+04
1.894800000000000000e+04
1.923400000000000000e+04
1.739800000000000000e+04
1.895700000000000000e+04
1.935500000000000000e+04
1.758800000000000000e+04
2.055200000000000000e+04
2.070700000000000000e+04
1.873700000000000000e+04
1.746400000000000000e+04
1.882000000000000000e+04
2.127500000000000000e+04
1.963600000000000000e+04
1.855000000000000000e+04
2.075600000000000000e+04
1.874000000000000000e+04
1.839300000000000000e+04
1.448500000000000000e+04
1.902000000000000000e+04
1.766400000000000000e+04
1.777200000000000000e+04
1.880300000000000000e+04
1.620300000000000000e+04
1.955700000000000000e+04
1.631600000000000000e+04
2.142000000000000000e+04
1.579500000000000000e+04
1.613100000000000000e+04
1.869300000000000000e+04
2.133800000000000000e+04
1.948900000000000000e+04
2.033900000000000000e+04
2.017600000000000000e+04
2.205400000000000000e+04
1.911600000000000000e+04
1.824900000000000000e+04
2.024100000000000000e+04
2.010900000000000000e+04
1.765900000000000000e+04
1.818400000000000000e+04
2.033200000000000000e+04
1.892900000000000000e+04
1.942000000000000000e+04
1.774300000000000000e+04
2.212700000000000000e+04
2.014100000000000000e+04
1.913400000000000000e+04
1.579400000000000000e+04
1.993600000000000000e+04
2.114500000000000000e+04
1.635600000000000000e+04
1.878000000000000000e+04
2.123400000000000000e+04
1.957400000000000000e+04
2.104200000000000000e+04
2.166000000000000000e+04
2.059500000000000000e+04
2.031900000000000000e+04
2.203200000000000000e+04
1.775500000000000000e+04
1.745300000000000000e+04
1.924100000000000000e+04
1.990700000000000000e+04
2.161100000000000000e+04
1.938200000000000000e+04
1.966700000000000000e+04
1.904800000000000000e+04
2.029300000000000000e+04
1.912100000000000000e+04
1.904500000000000000e+04
2.113500000000000000e+04
1.624000000000000000e+04
1.793800000000000000e+04
1.925400000000000000e+04
1.749900000000000000e+04
1.914800000000000000e+04
1.958800000000000000e+04
1.546300000000000000e+04
1.843100000000000000e+04
2.131400000000000000e+04
1.910400000000000000e+04
2.098900000000000000e+04
1.602800000000000000e+04
1.621300000000000000e+04
1.886000000000000000e+04
1.780700000000000000e+04
1.738600000000000000e+04
1.968200000000000000e+04
2.117700000000000000e+04
1.756600000000000000e+04
1.638600000000000000e+04
2.221200000000000000e+04
1.920800000000000000e+04
2.091600000000000000e+04
2.228000000000000000e+04
2.199800000000000000e+04
2.001600000000000000e+04
2.099700000000000000e+04
1.587700000000000000e+04
1.500200000000000000e+04
1.975000000000000000e+04
1.760600000000000000e+04
1.605400000000000000e+04
1.930400000000000000e+04
1.525100000000000000e+04
1.807400000000000000e+04
1.824300000000000000e+04
1.932400000000000000e+04
1.863200000000000000e+04
1.976700000000000000e+04
2.032100000000000000e+04
2.077400000000000000e+04
1.911400000000000000e+04
1.826400000000000000e+04
1.695700000000000000e+04
1.901500000000000000e+04
1.898500000000000000e+04
1.903300000000000000e+04
1.775000000000000000e+04
1.857400000000000000e+04
1.984900000000000000e+04
1.861600000000000000e+04
2.036300000000000000e+04
1.915300000000000000e+04
1.732400000000000000e+04
1.849200000000000000e+04
1.939300000000000000e+04
2.080600000000000000e+04
1.582000000000000000e+04
1.977200000000000000e+04
2.080300000000000000e+04
2.110000000000000000e+04
1.758400000000000000e+04
1.912800000000000000e+04
1.906900000000000000e+04
2.015500000000000000e+04
1.760800000000000000e+04
1.936300000000000000e+04
2.022200000000000000e+04
1.601600000000000000e+04
2.032300000000000000e+04
1.955000000000000000e+04
1.881900000000000000e+04
1.808100000000000000e+04
2.096000000000000000e+04
1.723100000000000000e+04
1.739600000000000000e+04
1.929700000000000000e+04
1.913900000000000000e+04
2.171900000000000000e+04
1.928000000000000000e+04
2.018500000000000000e+04
2.078900000000000000e+04
1.912500000000000000e+04
2.089000000000000000e+04
1.886800000000000000e+04
1.672400000000000000e+04
1.990800000000000000e+04
1.791800000000000000e+04
1.918800000000000000e+04
1.943500000000000000e+04
2.067100000000000000e+04
1.943700000000000000e+04
1.884100000000000000e+04
2.109200000000000000e+04
1.800800000000000000e+04
1.970600000000000000e+04
1.630800000000000000e+04
2.056900000000000000e+04
1.675900000000000000e+04
1.917300000000000000e+04
2.126800000000000000e+04
1.606500000000000000e+04
1.815600000000000000e+04
1.925600000000000000e+04
2.003400000000000000e+04
1.778100000000000000e+04
1.883600000000000000e+04
1.915500000000000000e+04
1.983800000000000000e+04
1.801100000000000000e+04
1.698200000000000000e+04
1.838200000000000000e+04
1.777300000000000000e+04
1.938300000000000000e+04
1.881000000000000000e+04
1.762300000000000000e+04
1.946100000000000000e+04
2.165400000000000000e+04
1.793100000000000000e+04
2.003600000000000000e+04
2.136300000000000000e+04
2.140500000000000000e+04
1.758500000000000000e+04
1.914200000000000000e+04
2.036400000000000000e+04
1.931600000000000000e+04
1.941200000000000000e+04
2.241900000000000000e+04
2.117900000000000000e+04
1.999300000000000000e+04
2.220400000000000000e+04
1.973000000000000000e+04
1.737500000000000000e+04
1.984800000000000000e+04
2.181800000000000000e+04
1.881000000000000000e+04
1.830400000000000000e+04
1.837300000000000000e+04
2.096500000000000000e+04
1.848800000000000000e+04
1.709400000000000000e+04
1.975000000000000000e+04
2.213600000000000000e+04
1.957300000000000000e+04
2.137800000000000000e+04
1.963600000000000000e+04
2.026500000000000000e+04
1.868500000000000000e+04
1.807900000000000000e+04
1.880000000000000000e+04
1.867400000000000000e+04
1.743800000000000000e+04
1.533100000000000000e+04
1.934900000000000000e+04
1.900800000000000000e+04
1.815700000000000000e+04
2.073100000000000000e+04
1.884300000000000000e+04
1.777200000000000000e+04
2.123400000000000000e+04
1.789400000000000000e+04
2.162600000000000000e+04
1.748900000000000000e+04
1.557700000000000000e+04
1.979500000000000000e+04
2.003800000000000000e+04
1.470300000000000000e+04
1.718100000000000000e+04
2.228900000000000000e+04
1.897100000000000000e+04
1.768900000000000000e+04
2.118100000000000000e+04
2.125600000000000000e+04
1.957300000000000000e+04
1.844400000000000000e+04
1.882800000000000000e+04
1.560600000000000000e+04
2.096200000000000000e+04
1.748700000000000000e+04
2.094600000000000000e+04
1.807200000000000000e+04
2.132800000000000000e+04
2.081300000000000000e+04
1.944500000000000000e+04
2.025200000000000000e+04
2.093800000000000000e+04
2.265800000000000000e+04
1.742900000000000000e+04
2.112100000000000000e+04
2.029100000000000000e+04
1.570600000000000000e+04
1.939200000000000000e+04
1.953300000000000000e+04
2.022500000000000000e+04
1.937100000000000000e+04
1.964700000000000000e+04
1.781000000000000000e+04
1.984600000000000000e+04
1.560300000000000000e+04
1.629200000000000000e+04
1.655100000000000000e+04
2.190800000000000000e+04
1.917500000000000000e+04
1.946800000000000000e+04
2.151200000000000000e+04
1.621000000000000000e+04
2.023000000000000000e+04
1.946300000000000000e+04
2.114700000000000000e+04
1.804600000000000000e+04
2.120500000000000000e+04
1.828000000000000000e+04
1.759000000000000000e+04
1.918000000000000000e+04
1.976000000000000000e+04
1.992000000000000000e+04
1.738600000000000000e+04
2.197400000000000000e+04
1.426300000000000000e+04
1.832900000000000000e+04
2.058600000000000000e+04
1.743000000000000000e+04
2.035800000000000000e+04
1.829100000000000000e+04
2.234700000000000000e+04
1.603900000000000000e+04
2.004800000000000000e+04
1.713700000000000000e+04
1.937500000000000000e+04
1.958100000000000000e+04
1.962200000000000000e+04
1.708300000000000000e+04
1.990400000000000000e+04
1.856700000000000000e+04
2.069300000000000000e+04
2.132800000000000000e+04
1.986200000000000000e+04
1.966100000000000000e+04
1.823300000000000000e+04
2.105000000000000000e+04
1.631500000000000000e+04
1.943100000000000000e+04
2.027100000000000000e+04
2.166100000000000000e+04
1.908100000000000000e+04
2.054000000000000000e+04
1.806100000000000000e+04
2.202400000000000000e+04
1.618900000000000000e+04
1.957300000000000000e+04
1.925200000000000000e+04
1.960800000000000000e+04
1.549300000000000000e+04
1.560200000000000000e+04
1.941300000000000000e+04
1.737300000000000000e+04
2.127500000000000000e+04
1.928400000000000000e+04
2.032500000000000000e+04
1.861900000000000000e+04
1.958700000000000000e+04
1.739300000000000000e+04
2.226400000000000000e+04
1.806200000000000000e+04
2.029900000000000000e+04
2.042600000000000000e+04
1.918900000000000000e+04
2.169100000000000000e+04
1.820800000000000000e+04
2.227000000000000000e+04
2.136300000000000000e+04
2.085400000000000000e+04
1.902100000000000000e+04
2.068500000000000000e+04
1.942400000000000000e+04
2.248700000000000000e+04
1.949600000000000000e+04
1.900100000000000000e+04
1.737100000000000000e+04
2.009800000000000000e+04
1.935900000000000000e+04
1.947800000000000000e+04
2.031900000000000000e+04
1.813000000000000000e+04
1.917100000000000000e+04
2.093700000000000000e+04
2.019100000000000000e+04
1.698600000000000000e+04
2.086500000000000000e+04
2.002700000000000000e+04
1.497500000000000000e+04
2.144600000000000000e+04
1.681400000000000000e+04
1.739700000000000000e+04
2.015000000000000000e+04
1.996200000000000000e+04
1.880100000000000000e+04
1.532700000000000000e+04
2.010900000000000000e+04
1.683100000000000000e+04
1.868600000000000000e+04
1.900600000000000000e+04
1.946800000000000000e+04
1.959100000000000000e+04
1.944000000000000000e+04
1.728200000000000000e+04
1.932900000000000000e+04
1.865700000000000000e+04
2.206600000000000000e+04
1.946000000000000000e+04
1.795500000000000000e+04
2.003500000000000000e+04
2.127800000000000000e+04
2.210700000000000000e+04
1.923400000000000000e+04
2.067700000000000000e+04
2.047900000000000000e+04
1.603400000000000000e+04
2.249900000000000000e+04
2.120900000000000000e+04
1.668400000000000000e+04
1.839700000000000000e+04
1.794600000000000000e+04
1.944300000000000000e+04
1.583200000000000000e+04
2.045400000000000000e+04
1.885300000000000000e+04
2.129000000000000000e+04
1.958400000000000000e+04
1.921000000000000000e+04
1.556300000000000000e+04
1.560300000000000000e+04
1.877800000000000000e+04
2.202800000000000000e+04
1.805800000000000000e+04
1.821000000000000000e+04
1.876300000000000000e+04
1.837400000000000000e+04
2.159000000000000000e+04
1.953800000000000000e+04
1.789500000000000000e+04
1.872300000000000000e+04
2.028900000000000000e+04
1.779400000000000000e+04
2.088700000000000000e+04
1.945900000000000000e+04
2.046100000000000000e+04
1.936900000000000000e+04
1.935500000000000000e+04
2.068600000000000000e+04
1.959400000000000000e+04
1.807700000000000000e+04
2.019800000000000000e+04
1.678200000000000000e+04
1.818200000000000000e+04
1.951900000000000000e+04
1.832600000000000000e+04
1.709900000000000000e+04
1.758800000000000000e+04
1.536000000000000000e+04
1.868500000000000000e+04
2.108000000000000000e+04
2.183600000000000000e+04
2.122300000000000000e+04
2.099300000000000000e+04
1.960600000000000000e+04
1.439700000000000000e+04
1.864300000000000000e+04
1.711600000000000000e+04
1.981300000000000000e+04
2.075400000000000000e+04
1.851100000000000000e+04
2.205400000000000000e+04
1.881600000000000000e+04
1.578100000000000000e+04
2.232400000000000000e+04
1.923700000000000000e+04
1.910700000000000000e+04
1.922100000000000000e+04
2.035800000000000000e+04
2.205500000000000000e+04
2.010500000000000000e+04
2.013900000000000000e+04
1.941700000000000000e+04
1.751300000000000000e+04
2.087800000000000000e+04
1.732100000000000000e+04
1.824200000000000000e+04
1.610100000000000000e+04
2.030200000000000000e+04
1.746700000000000000e+04
2.141200000000000000e+04
2.005800000000000000e+04
1.861900000000000000e+04
1.987300000000000000e+04
1.870900000000000000e+04
2.170000000000000000e+04
1.868400000000000000e+04
1.786000000000000000e+04
1.876100000000000000e+04
1.829700000000000000e+04
1.935400000000000000e+04
2.101600000000000000e+04
1.879000000000000000e+04
1.688200000000000000e+04
1.837500000000000000e+04
1.722600000000000000e+04
2.304500000000000000e+04
1.830000000000000000e+04
1.828900000000000000e+04
1.919800000000000000e+04
1.795700000000000000e+04
2.034000000000000000e+04
1.933400000000000000e+04
2.062800000000000000e+04
2.006400000000000000e+04
1.988200000000000000e+04
1.823900000000000000e+04
1.967100000000000000e+04
2.156400000000000000e+04
2.051600000000000000e+04
1.888000000000000000e+04
2.274400000000000000e+04
2.042500000000000000e+04
1.896300000000000000e+04
1.877500000000000000e+04
1.806400000000000000e+04
2.104200000000000000e+04
2.161300000000000000e+04
1.888500000000000000e+04
1.809100000000000000e+04
1.814700000000000000e+04
1.517900000000000000e+04
2.015100000000000000e+04
1.971300000000000000e+04
1.508200000000000000e+04
1.860100000000000000e+04
1.989500000000000000e+04
1.730600000000000000e+04
1.502800000000000000e+04
1.912200000000000000e+04
1.433100000000000000e+04
2.235800000000000000e+04
1.895600000000000000e+04
1.883100000000000000e+04
2.069100000000000000e+04
2.250100000000000000e+04
1.896600000000000000e+04
2.012400000000000000e+04
2.024800000000000000e+04
1.740700000000000000e+04
1.844500000000000000e+04
1.785600000000000000e+04
1.764800000000000000e+04
1.935400000000000000e+04
1.852300000000000000e+04
1.424500000000000000e+04
1.787100000000000000e+04
1.859300000000000000e+04
2.119300000000000000e+04
1.780000000000000000e+04
1.793900000000000000e+04
2.194300000000000000e+04
2.018900000000000000e+04
1.826000000000000000e+04
1.754500000000000000e+04
1.824100000000000000e+04
2.058600000000000000e+04
1.978800000000000000e+04
1.756400000000000000e+04
1.985200000000000000e+04
2.090500000000000000e+04
2.012600000000000000e+04
2.141100000000000000e+04
2.182300000000000000e+04
1.965800000000000000e+04
1.745600000000000000e+04
1.882500000000000000e+04
1.941300000000000000e+04
1.794000000000000000e+04
1.995300000000000000e+04
1.825900000000000000e+04
1.790100000000000000e+04
1.783500000000000000e+04
1.929300000000000000e+04
1.883000000000000000e+04
1.948600000000000000e+04
1.793700000000000000e+04
2.175600000000000000e+04
1.808800000000000000e+04
1.780600000000000000e+04
1.914600000000000000e+04
2.009200000000000000e+04
1.872900000000000000e+04
1.876800000000000000e+04
1.786300000000000000e+04
1.951400000000000000e+04
2.133000000000000000e+04
1.979100000000000000e+04
1.831000000000000000e+04
1.889700000000000000e+04
1.960200000000000000e+04
1.803400000000000000e+04
2.197700000000000000e+04
2.057700000000000000e+04
1.831600000000000000e+04
2.065800000000000000e+04
1.644100000000000000e+04
1.894800000000000000e+04
2.247200000000000000e+04
1.855900000000000000e+04
2.090400000000000000e+04
2.071800000000000000e+04
1.567200000000000000e+04
1.602200000000000000e+04
1.890500000000000000e+04
1.934200000000000000e+04
1.591500000000000000e+04
1.863800000000000000e+04
1.727600000000000000e+04
2.058500000000000000e+04
2.205600000000000000e+04
2.061400000000000000e+04
2.023300000000000000e+04
2.027600000000000000e+04
1.887000000000000000e+04
2.008400000000000000e+04
1.875700000000000000e+04
1.784600000000000000e+04
2.009200000000000000e+04
2.083900000000000000e+04
1.867500000000000000e+04
1.982900000000000000e+04
1.746100000000000000e+04
2.135700000000000000e+04
2.232700000000000000e+04
2.152900000000000000e+04
1.953500000000000000e+04
1.981100000000000000e+04
2.171100000000000000e+04
1.706700000000000000e+04
2.188500000000000000e+04
1.741600000000000000e+04
2.021800000000000000e+04
2.027300000000000000e+04
1.405600000000000000e+04
1.587000000000000000e+04
1.827100000000000000e+04
1.863200000000000000e+04
2.059000000000000000e+04
1.556100000000000000e+04
2.220300000000000000e+04
2.039500000000000000e+04
1.908700000000000000e+04
1.452300000000000000e+04
2.022100000000000000e+04
1.805500000000000000e+04
1.977100000000000000e+04
2.134400000000000000e+04
1.985500000000000000e+04
1.974800000000000000e+04
1.925500000000000000e+04
1.768800000000000000e+04
1.885500000000000000e+04
1.564600000000000000e+04
1.834300000000000000e+04
1.741700000000000000e+04
1.936400000000000000e+04
1.685800000000000000e+04
2.135200000000000000e+04
2.066200000000000000e+04
2.248400000000000000e+04
1.781600000000000000e+04
1.517500000000000000e+04
1.824000000000000000e+04
2.119000000000000000e+04
1.689500000000000000e+04
1.834700000000000000e+04
1.723200000000000000e+04
1.950800000000000000e+04
1.781000000000000000e+04
1.874100000000000000e+04
2.010800000000000000e+04
1.818500000000000000e+04
1.904500000000000000e+04
2.244100000000000000e+04
2.122000000000000000e+04
1.831900000000000000e+04
1.630500000000000000e+04
1.891700000000000000e+04
1.851700000000000000e+04
2.008200000000000000e+04
1.948100000000000000e+04
1.758200000000000000e+04
2.111700000000000000e+04
2.037400000000000000e+04
2.075700000000000000e+04
2.177300000000000000e+04
2.132500000000000000e+04
2.110900000000000000e+04
1.827700000000000000e+04
1.515400000000000000e+04
1.921100000000000000e+04
2.009700000000000000e+04
1.916500000000000000e+04
1.710200000000000000e+04
1.677600000000000000e+04
2.092700000000000000e+04
1.885000000000000000e+04
1.952200000000000000e+04
1.854300000000000000e+04
1.463900000000000000e+04
2.006700000000000000e+04
1.962800000000000000e+04
2.046000000000000000e+04
1.861800000000000000e+04
2.097200000000000000e+04
2.109600000000000000e+04
1.807500000000000000e+04
1.690900000000000000e+04
1.955100000000000000e+04
2.134700000000000000e+04
1.920600000000000000e+04
1.914100000000000000e+04
1.739100000000000000e+04
1.999900000000000000e+04
2.011400000000000000e+04
1.557100000000000000e+04
1.970300000000000000e+04
2.128600000000000000e+04
1.893800000000000000e+04
2.209600000000000000e+04
1.707900000000000000e+04
1.856500000000000000e+04
1.878900000000000000e+04
1.863200000000000000e+04
2.100500000000000000e+04
2.130000000000000000e+04
2.148500000000000000e+04
1.786700000000000000e+04
1.791000000000000000e+04
1.891500000000000000e+04
2.292100000000000000e+04
1.972700000000000000e+04
2.121000000000000000e+04
2.127900000000000000e+04
1.798000000000000000e+04
2.222600000000000000e+04
1.851000000000000000e+04
2.097100000000000000e+04
1.921700000000000000e+04
2.083100000000000000e+04
1.955900000000000000e+04
2.014400000000000000e+04
1.749100000000000000e+04
1.772200000000000000e+04
1.968200000000000000e+04
2.043900000000000000e+04
2.015300000000000000e+04
2.203900000000000000e+04
2.040000000000000000e+04
1.650300000000000000e+04
1.861000000000000000e+04
1.852300000000000000e+04
2.019400000000000000e+04
1.826600000000000000e+04
2.174600000000000000e+04
1.654200000000000000e+04
1.901800000000000000e+04
1.871100000000000000e+04
1.872300000000000000e+04
1.852500000000000000e+04
2.055700000000000000e+04
1.619900000000000000e+04
2.057300000000000000e+04
2.128100000000000000e+04
2.013100000000000000e+04
1.760200000000000000e+04
1.747100000000000000e+04
2.074600000000000000e+04
1.826700000000000000e+04
1.915900000000000000e+04
1.831800000000000000e+04
2.015800000000000000e+04
1.785600000000000000e+04
2.092700000000000000e+04
1.924900000000000000e+04
1.837000000000000000e+04
1.934400000000000000e+04
1.978000000000000000e+04
1.785300000000000000e+04
1.966400000000000000e+04
1.441600000000000000e+04
1.830600000000000000e+04
2.133600000000000000e+04
1.780600000000000000e+04
2.043900000000000000e+04
1.992400000000000000e+04
1.974800000000000000e+04
2.077000000000000000e+04
1.832600000000000000e+04
1.859300000000000000e+04
2.161200000000000000e+04
1.646100000000000000e+04
1.844700000000000000e+04
1.978000000000000000e+04
1.944500000000000000e+04
2.068400000000000000e+04
1.647900000000000000e+04
1.881600000000000000e+04
1.898800000000000000e+04
1.909300000000000000e+04
2.239000000000000000e+04
