4.656712594227200000e+13
2.004299840225280000e+14
1.185842064261120000e+14
8.426463271321600000e+13
8.049784782848000000e+12
2.447861035827200000e+13
1.299757683179520000e+14
2.447730173542400000e+13
4.804303021670400000e+13
1.110992947773440000e+14
6.379349737472000000e+13
3.208425295052800000e+13
6.720784118579200000e+13
2.036076852019200000e+13
7.845818400768000000e+12
7.962981774131200000e+13
1.230286251622400000e+14
6.236482515763200000e+13
1.737168204595200000e+13
2.476389013913600000e+13
1.978198812262400000e+13
1.166125480017920000e+14
3.851858791628800000e+13
5.753238296985600000e+13
7.820822550937600000e+13
1.168265917235200000e+14
5.332973649920000000e+13
2.566372773068800000e+13
2.135708768665600000e+13
4.745625547571200000e+13
8.242735978905600000e+13
3.419154006671360000e+14
6.240532116275200000e+13
3.872426819584000000e+13
9.295340188467200000e+13
7.116921765888000000e+12
1.106642364006400000e+14
8.430273377075200000e+13
3.945820009267200000e+13
1.098264493424640000e+14
4.780282242662400000e+13
7.339433892249600000e+13
5.290936238080000000e+13
8.836365051494400000e+13
6.194322630246400000e+13
6.886239345049600000e+13
8.535070579097600000e+13
4.892500846182400000e+13
1.243766073589760000e+14
4.880094933811200000e+13
1.248553787719680000e+14
6.779074772992000000e+12
9.361991873331200000e+13
1.963109803622400000e+13
4.431488955187200000e+13
1.086250916249600000e+14
5.684966352486400000e+13
1.374611161743360000e+14
6.388086053273600000e+13
3.790672284876800000e+13
7.441708639846400000e+13
6.916277272576000000e+13
2.160959527321600000e+13
5.838655717376000000e+13
3.084923804057600000e+13
2.092803555328000000e+13
1.175706507673600000e+13
4.090522658406400000e+13
1.586332581232640000e+14
4.220204666060800000e+13
3.786102171238400000e+13
2.192804990156800000e+13
7.823457412710400000e+13
2.622522549862400000e+13
1.244549905121280000e+14
8.206960558080000000e+12
3.377169694720000000e+13
6.928645016780800000e+13
1.226849942241280000e+14
3.011677834444800000e+13
1.786108790702080000e+14
2.026875597619200000e+13
8.406071404134400000e+13
4.029125178163200000e+13
1.158777227182080000e+14
9.803480118067200000e+13
8.089609489612800000e+13
2.635645688217600000e+13
5.635426169651200000e+13
2.019061105950720000e+14
2.142627986145280000e+14
1.053227483136000000e+14
6.886702710784000000e+12
4.453119819776000000e+13
4.342594037350400000e+13
6.189686666035200000e+13
7.923115753472000000e+13
1.326612888944640000e+14
3.536677398118400000e+13
1.100556638617600000e+13
8.518139641856000000e+12
6.203686833356800000e+13
4.305220272128000000e+13
3.095775307366400000e+13
9.542149813043200000e+13
8.534931328204800000e+13
1.057753640468480000e+14
8.907096955289600000e+13
1.051843362816000000e+14
4.673526720102400000e+13
3.251395310387200000e+13
1.416958469734400000e+13
2.967262461952000000e+13
1.644077619609600000e+13
1.538345045852160000e+14
3.053552507289600000e+13
3.559907970252800000e+13
8.917460241612800000e+13
1.754893102612480000e+14
2.076272251371520000e+14
5.704372977664000000e+13
2.331538725273600000e+13
1.883997638492160000e+14
3.397957713920000000e+13
1.202547641548800000e+13
1.050486715187200000e+13
7.132226886041600000e+13
1.776480681984000000e+14
8.813196555059200000e+13
2.345361892966400000e+13
1.132589586841600000e+13
2.408951022878720000e+14
2.540650364928000000e+13
3.040006163660800000e+13
6.247367154073600000e+13
1.980417641021440000e+14
4.552371732480000000e+13
8.644376657920000000e+13
8.010858915430400000e+13
4.212033742438400000e+13
1.243840396656640000e+14
4.510734876672000000e+13
3.056689217536000000e+13
8.509444220518400000e+13
7.885763798630400000e+13
1.750587565670400000e+14
8.810464804864000000e+12
4.304024895488000000e+13
7.955605671116800000e+13
2.808430796472320000e+14
1.632717242368000000e+13
1.103485814702080000e+14
8.729231622144000000e+13
1.997584465920000000e+13
5.278305511014400000e+13
1.578649790709760000e+14
1.032665075548160000e+14
1.173973358346240000e+14
1.510844168929280000e+14
6.135362460057600000e+13
2.374343065600000000e+13
7.329987480780800000e+13
1.418209630617600000e+13
2.803607430758400000e+13
1.754236924723200000e+13
9.658948596531200000e+13
4.981747666124800000e+13
1.183173564170240000e+14
5.967619660185600000e+13
6.229655447142400000e+13
4.014580170752000000e+13
1.711852643942400000e+13
7.639095941529600000e+13
5.171676656435200000e+13
9.176352817152000000e+13
1.178651349483520000e+14
1.079054329446400000e+14
4.177209275187200000e+13
1.619041106001920000e+14
2.115365974835200000e+13
7.846978230681600000e+13
2.575644701491200000e+13
1.288988556001280000e+14
2.890173880729600000e+13
4.827285291008000000e+13
7.133090073804800000e+13
2.860158602444800000e+13
6.110391251763200000e+13
4.595800394956800000e+13
2.269839380971520000e+14
1.078463435898880000e+14
1.187622881853440000e+14
3.145724225126400000e+13
2.652152791040000000e+13
2.065709651722240000e+14
1.625148935372800000e+13
5.431490720563200000e+13
2.193723668561920000e+14
1.787758829895680000e+14
3.002585631948800000e+13
6.228519210188800000e+13
6.258658639872000000e+13
2.662615062937600000e+13
6.104336773939200000e+13
7.234689538457600000e+13
3.998255520153600000e+13
1.050782203904000000e+14
6.599739441152000000e+13
1.876242538168320000e+14
2.208771153592320000e+14
2.859590232309760000e+14
3.075403950325760000e+14
2.326741280358400000e+13
1.032879572254720000e+14
3.491747342581760000e+14
7.204826932838400000e+13
1.263717119426560000e+14
1.069484437667840000e+14
1.529030335528960000e+14
1.020971523768320000e+14
1.371767989862400000e+13
1.164972717506560000e+14
1.009005593886720000e+14
2.504604096921600000e+13
6.090705705369600000e+13
4.670628036608000000e+13
3.062518461235200000e+13
8.711469268992000000e+12
4.803245218201600000e+13
5.111593671065600000e+13
3.412084549222400000e+13
4.907282412339200000e+13
6.345692964454400000e+13
6.621654260121600000e+13
1.928809834086400000e+13
7.666603864883200000e+13
1.789882154352640000e+14
1.582779649228800000e+13
9.765663434342400000e+13
3.377942704947200000e+13
3.221367029760000000e+13
4.390251397120000000e+13
1.856586855219200000e+14
2.033213610393600000e+13
1.026460777185280000e+14
1.178588434923520000e+14
1.045184150241280000e+14
9.678312859238400000e+13
3.411753199206400000e+13
1.051533571522560000e+14
9.421320093696000000e+12
4.475101747609600000e+13
5.118088970240000000e+13
5.129405202432000000e+13
7.183235494707200000e+13
6.572162731212800000e+13
9.462075516518400000e+13
4.542382158643200000e+13
7.339012784128000000e+13
2.218267980595200000e+13
5.703765642444800000e+13
3.599116324044800000e+13
1.129322224025600000e+14
2.984508391424000000e+13
8.480853327872000000e+13
6.180554407936000000e+13
4.027599290368000000e+13
1.103425500610560000e+14
7.881349713100800000e+13
3.660313316556800000e+13
6.972355536486400000e+13
6.314798140620800000e+13
3.677195390156800000e+13
2.174983350517760000e+14
1.204534902784000000e+14
1.509035501158400000e+13
2.041592152064000000e+13
6.504483022438400000e+13
3.305050315161600000e+13
1.562546221875200000e+13
4.147584906035200000e+13
1.133273342279680000e+14
9.281290947788800000e+13
1.077437341368320000e+14
1.021525171896320000e+14
1.085455676211200000e+13
6.030068652441600000e+13
1.596558252441600000e+13
4.318866020761600000e+13
9.198216885043200000e+13
6.478936355635200000e+13
5.055194542899200000e+13
3.427670582886400000e+13
8.530185158656000000e+12
2.340574933811200000e+13
7.997001773875200000e+13
7.602269952409600000e+13
4.557474522726400000e+13
5.625964658688000000e+13
3.895102485299200000e+13
2.686557827891200000e+13
1.498054708428800000e+13
8.237202538496000000e+12
1.200500401766400000e+13
3.447729002905600000e+13
1.471921887641600000e+13
6.254425328844800000e+13
4.189154233548800000e+13
1.702158453964800000e+14
1.048161267220480000e+14
9.975340046745600000e+13
1.769702183403520000e+14
7.966170808320000000e+12
8.594393137152000000e+13
2.989461025587200000e+13
9.034183527628800000e+13
1.508008420966400000e+13
2.289379636674560000e+14
1.525255965245440000e+14
3.992863322931200000e+13
6.832416358400000000e+13
4.099406613708800000e+13
2.293616135372800000e+13
6.933850567475200000e+13
1.286933430927360000e+14
4.021457990451200000e+13
1.017973414297600000e+13
1.063227542732800000e+13
1.143765393735680000e+14
9.872969039872000000e+12
9.736211870515200000e+13
1.461084288450560000e+14
4.552217382092800000e+13
3.063696850944000000e+13
3.705379854745600000e+13
5.951003505459200000e+13
5.370154477158400000e+13
1.652867328901120000e+14
1.198510707834880000e+14
6.230649497190400000e+13
8.483878259916800000e+13
1.138986403758080000e+14
1.516814571929600000e+13
9.090436694016000000e+12
5.703761867571200000e+13
3.432158907596800000e+13
7.686031042150400000e+13
3.529885561651200000e+13
2.399754759700480000e+14
1.222013574184960000e+14
1.425840558571520000e+14
8.679982104576000000e+13
7.701137247436800000e+13
4.795606132326400000e+13
8.136803798220800000e+13
7.037527051468800000e+13
1.907378870026240000e+14
2.159204630528000000e+13
6.190741533491200000e+13
1.107732295843840000e+14
1.954427804057600000e+13
1.056634684047360000e+14
6.937276055552000000e+13
3.620665399705600000e+13
3.921621391769600000e+13
1.166252965888000000e+13
1.057037085573120000e+14
9.898115360358400000e+13
8.684286299340800000e+13
1.141501056778240000e+14
1.403917854310400000e+14
4.815147394662400000e+13
7.262054645760000000e+12
3.864493712998400000e+13
1.902866805555200000e+14
4.291103922585600000e+13
8.703119982592000000e+12
1.026030106050560000e+14
2.063244407603200000e+13
6.416012987596800000e+13
4.500208851353600000e+13
2.747813960089600000e+13
1.358619203338240000e+14
9.860495808921600000e+13
1.366559922585600000e+13
1.280957638246400000e+13
6.752814759936000000e+13
2.632297543106560000e+14
1.354211744808960000e+14
4.750485907046400000e+13
1.758269852876800000e+13
8.160338876825600000e+13
4.537248330547200000e+13
4.316652267110400000e+13
3.200315188838400000e+13
3.741528883200000000e+13
1.543010621849600000e+14
2.903479681024000000e+13
7.585247789056000000e+13
3.748006566297600000e+13
3.777914889830400000e+13
2.628761786777600000e+13
1.125076497858560000e+14
5.615737267814400000e+13
3.999247892480000000e+13
1.093473927168000000e+13
7.217034874060800000e+13
9.928211169280000000e+13
3.243358185062400000e+13
1.822495048990720000e+14
6.491855650816000000e+13
1.202194166579200000e+13
3.310502071500800000e+14
9.447583357337600000e+13
4.594378945331200000e+13
1.304232837775360000e+14
6.583408079667200000e+13
1.987844033740800000e+13
1.398860530319360000e+14
1.262286106787840000e+14
2.830982604390400000e+13
2.031192375296000000e+13
2.275671644569600000e+14
9.711885746176000000e+13
6.610520480153600000e+13
4.931107736780800000e+13
5.917269976678400000e+13
1.248327316275200000e+13
1.339043715481600000e+14
2.703567156674560000e+14
1.077077889515520000e+14
4.970275825254400000e+13
1.012697000837120000e+14
1.041349738496000000e+13
1.684226650931200000e+13
2.703124070400000000e+13
4.808584567193600000e+13
3.535437561856000000e+13
1.502438783713280000e+14
4.724383914393600000e+13
1.865799560069120000e+14
1.332217066291200000e+13
6.614525201612800000e+13
1.632371442974720000e+14
1.107735147970560000e+14
6.065361623449600000e+13
3.390821525094400000e+13
7.371508678656000000e+12
5.027208888320000000e+13
2.991585440563200000e+13
4.290514203443200000e+13
1.847843409100800000e+13
8.214019257139200000e+13
5.238615231692800000e+13
3.871066187366400000e+13
5.600675941580800000e+13
1.034920520581120000e+14
1.628205324697600000e+14
4.964535500800000000e+13
4.055587461529600000e+13
1.788066020720640000e+14
1.069746330009600000e+14
2.643343284633600000e+13
8.590095653273600000e+13
2.456830848532480000e+14
3.698469487247360000e+14
6.353475327754240000e+14
1.710820698357760000e+14
2.155905600716800000e+13
5.528669808230400000e+13
4.419483598848000000e+13
5.784324800512000000e+13
4.833222747750400000e+13
5.602676624588800000e+13
1.900820194918400000e+13
2.923777595801600000e+13
5.379575303372800000e+13
3.610029903052800000e+13
9.532081805721600000e+13
9.889436925952000000e+12
7.158644290355200000e+13
1.243136844103680000e+14
4.782682642841600000e+13
7.889912804147200000e+13
3.629387035443200000e+13
4.532139668275200000e+13
2.071486424678400000e+13
1.242596533862400000e+13
2.254506138009600000e+13
5.846107737292800000e+13
1.202150021529600000e+14
1.229745102520320000e+14
7.040213922611200000e+13
8.772175423078400000e+13
6.386349191987200000e+13
3.910000233676800000e+13
7.748811384422400000e+13
6.036444833382400000e+13
2.435756903628800000e+13
8.913549472563200000e+13
2.883867534950400000e+13
4.000309470822400000e+13
1.213643169464320000e+14
5.523098514227200000e+13
1.310372376084480000e+14
8.248970392371200000e+13
1.914568578170880000e+14
1.540475081195520000e+14
2.736177702502400000e+13
1.305704702935040000e+14
4.363519000576000000e+13
1.077120084213760000e+14
1.685473407795200000e+13
8.007849921740800000e+13
4.658893212876800000e+13
8.998086508544000000e+13
9.215317062451200000e+13
1.012653149388800000e+13
3.100948561920000000e+13
1.234966759342080000e+14
1.677939494092800000e+13
3.257749261516800000e+13
1.110412959416320000e+14
2.221770853580800000e+13
1.529851580252160000e+14
5.741079009689600000e+13
1.623002374471680000e+14
8.847730776473600000e+13
3.170055172915200000e+13
7.819847794688000000e+13
4.216243984793600000e+13
1.041756313354240000e+14
7.274949823692800000e+13
3.142466509209600000e+13
1.277812119961600000e+13
8.381756184985600000e+13
2.568019330990080000e+14
3.418353775411200000e+13
2.075773213081600000e+13
8.025653064499200000e+13
9.732952057446400000e+13
8.107702878208000000e+13
5.244283833548800000e+13
9.682088571699200000e+13
9.033455396454400000e+13
5.512064139264000000e+13
2.727270049382400000e+13
5.446841453772800000e+13
1.440040982937600000e+13
1.590693315215360000e+14
1.334858722836480000e+14
1.231413680537600000e+14
3.228225975091200000e+13
5.128774379110400000e+13
8.170193813504000000e+13
5.197671694336000000e+13
2.067654089113600000e+13
1.266099567984640000e+14
9.330145361920000000e+13
1.422983734231040000e+14
1.449242426081280000e+14
8.236530086707200000e+13
1.759780012032000000e+13
1.613187619225600000e+13
5.487676358656000000e+13
1.416842937630720000e+14
5.404340990771200000e+13
1.271366187745280000e+14
2.921102678425600000e+13
1.336150652354560000e+14
8.221408781926400000e+13
6.572819978649600000e+13
3.792703166873600000e+13
9.553360348774400000e+13
9.470157101465600000e+13
4.994835572326400000e+13
8.106127497625600000e+13
1.155257451151360000e+14
1.415778926592000000e+14
2.914060232294400000e+13
4.094845727539200000e+13
6.231995449344000000e+13
7.275974911590400000e+13
9.945544549990400000e+13
7.642001755340800000e+13
1.190902261350400000e+13
1.613397418311680000e+14
2.938904143462400000e+13
9.568185745408000000e+12
1.351074132787200000e+13
2.818105252249600000e+13
1.290704571596800000e+13
2.078204483338240000e+14
9.438875982233600000e+13
2.726520107827200000e+13
7.122033888460800000e+13
9.458542234828800000e+13
6.842025508864000000e+13
2.031542348021760000e+14
5.205458000281600000e+13
7.054329643008000000e+12
4.141038016921600000e+14
1.861434631782400000e+13
5.058330204569600000e+13
5.772438981836800000e+13
2.560763730329600000e+13
8.407305682944000000e+12
3.016280034508800000e+13
5.031443038208000000e+13
1.003120335257600000e+13
6.325843420774400000e+13
7.166347549081600000e+13
8.106570416128000000e+13
9.867477647360000000e+12
5.712227650764800000e+13
1.868893572300800000e+13
1.754441501900800000e+13
1.470133918760960000e+14
3.288834926182400000e+13
2.803928295014400000e+13
1.106685229793280000e+14
8.171745705984000000e+13
3.959805915955200000e+13
4.896695989043200000e+13
1.446182094110720000e+14
1.360494120140800000e+13
6.404184630886400000e+13
1.774666729390080000e+14
3.451174833356800000e+13
5.253708015206400000e+13
1.740778598563840000e+14
7.881358835712000000e+12
4.642394918092800000e+13
1.017880153948160000e+14
5.609986038169600000e+13
6.889984439091200000e+13
3.455500419072000000e+13
9.712764872294400000e+13
7.757527986995200000e+13
6.469658135756800000e+13
1.212213834547200000e+14
6.408084914176000000e+13
4.848420388864000000e+13
6.479656098201600000e+13
1.827547507589120000e+14
2.233621440102400000e+13
3.972234058137600000e+13
3.734676648755200000e+13
7.054125590118400000e+13
5.619518013440000000e+13
2.293944968806400000e+13
5.754338882355200000e+13
5.132567288217600000e+13
7.307154528665600000e+13
1.485770955161600000e+14
3.632374218752000000e+13
5.261282089369600000e+13
5.301578781163520000e+14
1.888689428889600000e+13
2.186515002163200000e+14
4.095882559488000000e+13
1.141731491840000000e+13
6.274370922086400000e+13
1.559472006758400000e+13
3.490122301440000000e+13
6.471882375168000000e+13
6.379921001676800000e+13
1.339184308551680000e+14
8.189619313049600000e+13
2.810431353651200000e+13
1.151230499880960000e+14
1.653500836577280000e+14
8.887484389785600000e+13
1.449536530677760000e+14
3.845304352768000000e+13
1.397259291852800000e+13
3.366091698995200000e+13
1.385807017410560000e+14
1.589038809088000000e+13
3.326473561702400000e+13
1.739960709283840000e+14
8.117988989337600000e+13
9.757815052697600000e+13
5.985462229401600000e+13
2.233493094400000000e+13
1.953259061248000000e+13
1.029964510003200000e+13
4.766207416729600000e+13
3.632649784524800000e+13
2.134410212147200000e+13
5.605084574515200000e+13
1.497657444925440000e+14
4.034207835750400000e+13
6.541100554649600000e+13
2.732303633612800000e+13
6.078927680307200000e+13
1.340660451901440000e+14
1.112256230195200000e+13
1.562650764902400000e+13
2.850286469120000000e+13
6.024632415027200000e+13
8.855318272409600000e+13
1.224564172390400000e+13
3.152584638464000000e+13
1.381678815641600000e+14
1.946869039104000000e+13
4.485307328102400000e+13
4.620081220812800000e+13
1.553376592527360000e+14
1.322456836997120000e+14
3.802565737185280000e+14
2.410471332249600000e+13
3.286042987724800000e+13
1.085680239247360000e+14
5.129142219571200000e+13
6.739574600499200000e+13
1.508989363814400000e+13
3.644910573977600000e+13
1.247865166888960000e+14
1.034300518563840000e+14
8.100466026086400000e+13
7.996954902528000000e+12
1.795041148272640000e+14
6.403914098278400000e+13
8.621380127948800000e+13
1.679075731046400000e+13
4.188813656064000000e+13
9.546363410841600000e+13
1.113578400645120000e+14
5.790677073920000000e+13
6.523684546150400000e+13
1.125394342215680000e+14
9.750519480320000000e+13
7.263097559449600000e+13
1.917548882821120000e+14
5.481324504678400000e+13
1.142728058470400000e+14
4.956313826099200000e+13
1.553936615997440000e+14
1.402810348339200000e+13
8.824573185228800000e+13
3.483048398028800000e+13
6.388237467648000000e+13
3.880313369395200000e+13
1.189025876541440000e+14
1.333721772851200000e+13
3.040945268326400000e+13
5.877694621286400000e+13
8.005974228992000000e+13
2.268520356249600000e+13
6.114095661056000000e+13
5.926757911756800000e+13
1.727555300229120000e+14
3.688643323494400000e+13
4.015783936000000000e+13
1.611814089523200000e+13
6.748697526272000000e+12
5.459674346291200000e+13
8.892999060684800000e+13
3.806047345049600000e+13
1.225072312320000000e+13
4.143567182233600000e+13
8.636494512128000000e+12
7.548967059456000000e+13
1.223003576729600000e+13
4.584854519808000000e+13
2.626828212633600000e+13
2.043239464960000000e+13
9.975049800908800000e+13
1.997502215618560000e+14
6.118883459072000000e+13
3.956421532057600000e+13
1.400668359229440000e+14
1.400350263214080000e+14
1.144161419919360000e+14
2.868720057712640000e+14
2.545445083545600000e+13
3.163012307353600000e+13
1.282703055912960000e+14
2.150569397452800000e+13
2.386944516423680000e+14
1.133421212467200000e+13
3.270654505779200000e+13
1.631226272153600000e+13
5.785205184921600000e+13
1.407042862448640000e+14
1.095125224652800000e+14
1.092769200209920000e+14
2.270234148864000000e+14
5.718448642457600000e+13
1.715682882355200000e+13
6.366709782937600000e+13
8.619720022425600000e+13
9.618717671424000000e+13
5.117608722432000000e+13
4.066548016742400000e+13
1.060839222149120000e+14
7.903661732659200000e+13
3.540949716172800000e+13
3.920410496204800000e+13
2.005112402739200000e+13
3.558344333721600000e+13
6.839297952972800000e+13
7.767296521011200000e+13
7.797788272230400000e+13
3.363098853376000000e+13
5.324770849587200000e+13
1.703118425292800000e+13
2.707969330380800000e+13
2.004399496888320000e+14
6.342350943027200000e+13
4.486030426112000000e+13
1.414742094643200000e+13
1.921516149145600000e+13
7.036970047897600000e+13
7.871822770995200000e+13
2.060024020992000000e+14
2.520832278528000000e+13
1.848450744320000000e+13
3.256863843942400000e+13
6.263395686809600000e+13
2.728381665771520000e+14
7.591441937203200000e+13
1.950764079513600000e+13
1.615064402493440000e+14
1.805218375270400000e+14
8.699833745408000000e+13
7.758004459929600000e+13
2.207309732249600000e+13
6.458268083814400000e+13
5.827806730649600000e+13
5.837581136691200000e+13
1.646142349639680000e+14
1.191172185784320000e+14
3.087964884172800000e+13
6.345175806771200000e+13
1.594156635914240000e+14
1.213698723020800000e+13
4.851127392665600000e+13
8.951609425920000000e+13
1.418904521932800000e+14
1.067404817858560000e+14
3.202237648076800000e+13
1.107049630924800000e+14
1.441618355814400000e+14
9.369701004083200000e+13
1.992012123340800000e+13
1.188037950177280000e+14
6.395203787161600000e+13
5.261625183436800000e+13
1.370714150010880000e+14
3.048886763520000000e+13
2.234066329927680000e+14
1.137163223695360000e+14
8.448042126540800000e+13
1.271198080040960000e+14
1.387817682862080000e+14
5.636898789785600000e+13
4.110084053401600000e+13
5.973405702553600000e+13
1.400579523870720000e+14
3.218264922521600000e+13
1.077248765460480000e+14
1.056580661411840000e+14
3.134082934374400000e+13
9.017518718976000000e+13
8.326147263692800000e+13
3.070474426777600000e+13
2.367412397670400000e+13
1.066946632089600000e+13
1.442033696768000000e+13
4.528377797017600000e+13
1.240162327592960000e+14
1.496713160294400000e+13
2.579526110412800000e+13
5.339931161395200000e+13
1.546390182297600000e+13
8.463069478912000000e+13
1.337564699033600000e+13
1.376873086976000000e+13
2.783089818337280000e+14
2.113115730739200000e+13
8.448628490240000000e+13
6.040092619571200000e+13
5.381888042598400000e+13
6.646539065753600000e+13
3.245413394022400000e+13
1.943451226603520000e+14
1.303945569894400000e+13
9.169119320473600000e+13
3.712992516505600000e+13
2.030397806346240000e+14
1.920958851973120000e+14
1.550858667950080000e+14
5.441892594483200000e+13
8.562758857523200000e+13
1.743953351147520000e+14
3.893849646694400000e+13
1.568435318292480000e+14
3.902296974950400000e+13
6.426457643417600000e+13
6.538038712729600000e+13
2.970895987507200000e+14
9.260227362816000000e+12
5.268115868876800000e+13
8.983164013772800000e+13
8.681226240000000000e+12
2.020779805900800000e+13
9.082634449715200000e+13
4.361369000345600000e+13
3.737756526182400000e+13
1.042862519091200000e+13
7.236952260608000000e+12
3.771691800985600000e+13
6.150498025472000000e+13
4.436242779340800000e+13
9.868110148403200000e+13
6.601772420300800000e+13
5.124845155123200000e+13
1.130335483985920000e+14
1.787862177546240000e+14
1.140440401182720000e+14
4.361737260236800000e+13
7.465658954547200000e+13
8.659943397785600000e+13
1.034786386739200000e+14
1.256345965690880000e+14
4.651879078297600000e+13
1.395767063347200000e+14
8.819258163200000000e+13
1.837733039308800000e+13
1.328084628275200000e+13
2.252064423936000000e+14
4.004881262182400000e+13
1.916295289241600000e+14
1.338072398561280000e+14
1.001739150950400000e+13
2.627524257382400000e+13
1.600915840696320000e+14
1.791755917721600000e+13
2.195346528665600000e+13
3.893591696998400000e+13
5.969046562406400000e+13
6.213854665113600000e+13
1.920928946585600000e+13
4.232969610854400000e+13
8.969340426649600000e+13
6.474812515942400000e+13
1.211172304977920000e+14
3.221638820659200000e+13
2.208424368537600000e+13
6.948195926016000000e+12
4.700564881408000000e+13
3.647245123584000000e+13
1.366462614732800000e+13
1.991473784422400000e+13
3.346355401523200000e+13
1.426886114672640000e+14
2.022492759654400000e+13
7.945094745292800000e+13
1.060508627107840000e+14
1.113104528179200000e+14
4.966459847475200000e+13
2.773116518400000000e+13
7.818404954112000000e+13
9.109292187648000000e+12
3.928467334758400000e+13
2.405735543603200000e+13
6.250834165760000000e+13
2.820285661184000000e+13
1.943033138380800000e+13
1.355714396160000000e+14
2.931847856128000000e+13
6.509019581644800000e+13
