0 0 0 9 26 78 209 523 1321 3825 12491
0 1 1 1 17 49 128 339 683 2251 14800
3 2 7 17 53 101 647 1673 4181 9163 4204
1 0 8 6 32 105 304 856 2264 6933 9779
1 5 7 26 96 192 561 1497 3781 10420 4659
0 0 1 7 13 56 127 375 774 2343 15829
0 0 0 9 22 63 165 405 880 2417 14171
0 1 6 29 77 220 604 1564 4078 11375 3620
1 2 15 14 58 143 638 1650 4365 9828 3589
0 2 1 13 46 126 285 839 1955 5945 10975
0 1 1 8 33 84 207 592 1430 3897 14946
2 3 12 39 84 242 649 1948 5022 8883 3172
0 1 5 23 59 147 393 1244 3011 9511 7274
0 1 7 14 62 137 385 1173 2826 8540 8756
1 3 11 25 75 151 716 1648 4327 10685 3133
0 0 4 13 37 101 241 664 1515 4436 13246
0 0 1 11 38 95 240 711 1500 4490 12865
1 3 3 14 46 139 427 1180 2857 8919 7417
2 4 9 32 77 192 834 1964 5067 8986 3832
0 5 9 14 35 78 484 1342 3179 9842 6553
0 0 2 5 18 52 202 561 1167 3356 14658
0 1 1 8 29 84 168 465 982 2766 13253
0 0 7 9 35 74 202 614 1471 4301 13606
1 4 11 26 74 178 471 1393 3498 9335 4693
0 1 4 18 29 96 233 801 1850 5531 11380
0 4 9 23 51 169 468 1250 3271 9659 4254
1 0 5 4 33 81 205 663 1482 4352 11752
1 2 10 28 82 194 565 1486 3926 10224 2729
0 4 7 22 60 111 308 954 2409 7143 7188
0 1 4 10 28 63 174 472 1166 3343 13866
0 1 2 5 26 71 177 509 1122 3089 14596
0 6 15 44 99 300 789 2177 5595 8798 2600
1 3 6 21 47 110 487 1393 3358 9683 5771
1 3 13 30 84 231 623 1810 4780 9631 2414
0 2 7 19 47 126 341 986 2420 7501 8946
0 1 7 23 57 135 350 1199 2871 8401 9345
1 1 4 10 44 131 505 1385 3215 9582 6621
0 0 1 3 21 69 129 331 682 2122 14577
1 3 11 24 55 186 923 2093 5464 9826 4651
1 2 10 20 49 151 517 1274 3296 10434 5210
0 4 4 16 60 146 393 1125 2846 8529 8302
1 2 14 27 70 202 612 1668 4399 10913 2285
0 1 1 5 13 51 132 369 735 1972 14887
1 3 3 6 14 66 190 519 1408 4261 11742
0 4 7 17 39 81 414 1319 3045 8765 5833
1 3 9 18 27 98 548 1398 3454 10094 7221
0 3 8 26 59 142 495 1389 3539 10379 3952
1 2 15 27 65 246 653 1788 4733 11083 3444
2 7 10 31 76 204 706 1847 4680 8889 1568
0 3 3 15 43 140 344 942 2354 6855 10461
1 1 3 23 56 129 342 1045 2526 7473 8314
0 2 8 19 64 137 344 872 2576 7380 7463
1 4 10 36 68 169 668 1647 4330 9724 2565
0 0 1 11 43 118 264 670 1535 4555 12141
2 2 14 27 57 129 535 1472 3877 10131 3415
0 0 3 15 50 106 301 736 1799 5250 12134
0 6 13 31 90 223 596 1663 4465 9497 3206
1 3 7 31 77 207 629 1584 4126 11357 3338
0 2 3 9 34 79 215 683 1665 5012 13774
4 2 7 29 72 208 657 1749 4893 10295 1531
0 4 10 29 97 239 676 1852 4762 11408 2356
0 1 5 16 28 82 214 635 1538 4251 13583
1 1 4 11 32 82 335 899 2199 7039 9085
1 0 2 3 18 66 160 412 1076 3067 13674
0 1 3 16 39 106 262 641 1457 4396 12399
0 2 7 16 43 129 465 1430 3082 9427 8266
0 2 7 27 49 184 450 1409 3434 10353 6530
0 0 4 6 28 72 194 502 1155 3226 13645
0 0 2 9 19 40 112 351 754 2321 14643
0 2 4 14 43 130 353 968 2442 7151 10685
1 1 9 21 46 155 575 1330 3549 9992 6477
0 2 5 15 56 126 321 984 2518 7704 8672
0 1 5 11 50 122 295 774 1876 5519 13158
0 1 0 9 31 87 172 475 1206 3299 14018
1 1 5 11 50 139 431 1211 2973 9277 7327
0 1 2 5 23 51 149 469 1115 3163 13812
2 2 11 27 80 171 571 1563 3990 9310 3122
0 0 2 2 11 38 117 295 619 1796 15233
0 1 6 9 34 78 217 574 1459 4490 12439
1 4 4 39 73 219 595 1782 4287 11863 2904
2 6 10 23 46 138 768 1851 4814 9138 4040
0 3 8 31 73 127 571 1449 3381 9945 3825
1 3 10 30 65 177 486 1343 3392 9820 3533
0 0 12 22 65 204 503 1541 3906 11244 4086
1 0 2 7 28 56 133 397 980 2913 13609
0 2 3 20 50 152 359 1031 2585 8102 8802
1 0 3 12 46 116 345 939 2297 7025 9054
1 1 10 17 45 120 379 1178 3006 9220 6190
1 7 15 25 67 185 720 1799 4969 9640 4797
0 1 14 29 49 169 621 1483 3806 10373 4136
0 0 0 4 29 77 181 524 1137 3232 13856
0 2 5 20 43 139 407 1158 2795 9066 8639
1 3 17 32 76 235 631 1826 4832 9551 1940
1 2 9 29 51 154 742 1789 4591 9860 3556
1 2 8 10 48 150 401 1145 2727 8316 7291
0 0 1 16 33 117 257 745 1635 4683 13026
0 3 13 21 84 201 591 1440 3932 10718 3914
0 5 19 34 80 292 736 2143 5500 10086 4215
0 3 7 33 64 134 442 1169 3039 9514 6741
1 1 2 9 42 98 235 613 1707 4890 12115
2 2 4 13 40 155 465 1323 3621 11429 5580
0 2 8 15 43 127 333 970 2568 7586 9381
0 0 2 8 29 66 167 488 1220 3636 13770
0 0 3 6 32 110 212 614 1452 4405 13355
0 4 8 19 61 174 528 1485 3591 10869 4206
0 1 8 17 62 139 362 1119 2874 8549 8792
0 2 11 17 71 170 501 1388 3276 9952 5938
1 3 11 38 88 223 614 1720 4429 9929 4055
2 4 12 37 109 282 782 2092 5452 9668 3546
1 1 12 25 56 197 835 2000 5124 10019 4776
2 4 7 21 54 166 434 1318 3363 10007 4278
3 2 6 27 75 205 576 1520 3999 10588 3608
0 4 6 21 87 190 541 1380 3638 11075 6164
0 3 12 21 37 116 540 1369 3209 9956 5629
0 0 2 7 40 115 291 792 1739 5312 11887
0 2 7 20 58 129 362 868 2442 7209 8418
0 0 2 9 24 47 132 438 899 2565 15475
1 0 9 13 60 146 438 1194 2944 8669 8635
0 2 2 7 52 86 247 678 1644 4850 12417
0 1 6 30 84 260 660 1739 4486 11728 3232
2 1 14 24 56 188 666 1803 4634 10592 5217
1 1 3 8 42 84 270 722 2025 6102 11233
1 1 5 15 41 91 433 1264 3185 9452 7461
0 3 10 17 57 155 447 1353 3084 9558 8151
0 1 14 39 92 238 642 1724 4473 11148 2497
1 2 9 17 62 141 759 1840 4587 10579 4774
0 3 8 23 57 212 617 1619 4015 11169 3902
0 0 1 5 33 82 176 526 1149 3329 13554
0 0 1 7 37 92 205 598 1392 4215 13047
1 3 12 34 105 279 665 1816 4728 10728 2228
1 6 13 24 57 177 612 1696 4418 8624 2838
1 4 7 17 62 193 536 1578 4384 11125 4939
0 1 3 9 31 66 184 540 1175 3674 14265
0 0 2 0 13 52 116 296 640 1822 15204
2 1 7 13 49 137 424 1187 3071 9395 5368
0 1 1 4 20 36 116 269 606 1780 15813
0 2 2 12 38 108 293 842 1890 5713 11044
0 5 15 20 48 119 593 1572 3944 10083 4790
1 3 7 28 53 183 607 1705 4352 10574 3018
0 5 14 40 65 209 750 1781 4584 10204 3473
1 5 12 25 61 158 455 1397 3670 10301 3962
1 1 12 25 69 185 468 1417 3345 10227 4346
0 1 1 4 18 45 119 329 750 2173 14259
1 1 8 24 69 173 571 1444 3970 10206 4723
0 1 8 15 53 86 266 741 1918 5558 12625
0 1 0 8 17 49 153 396 768 2318 15401
1 3 6 21 64 156 417 1161 2798 8490 6582
1 2 8 14 65 145 524 1556 3956 10566 4223
2 5 8 32 88 229 629 1848 4687 9665 1876
0 0 1 6 20 39 124 281 633 1707 15659
0 4 8 29 77 194 464 1327 3426 10025 6528
2 5 11 29 84 228 785 1910 5311 8567 2575
1 2 7 29 67 131 749 1723 4456 9566 2692
0 0 4 9 29 69 189 484 1194 3577 15233
1 3 11 35 70 186 668 1764 4627 10546 3088
1 1 9 16 26 98 453 1331 2993 8957 6915
0 0 1 9 36 79 245 680 1512 4569 13550
0 1 7 13 37 107 324 922 2120 5917 10449
1 3 4 21 25 75 342 1066 2772 8440 5993
1 2 5 16 71 175 439 1297 2988 8822 7156
2 3 4 17 49 170 408 1284 3073 9267 5193
0 0 0 2 13 51 116 276 622 1870 13965
1 4 13 21 65 235 788 2032 5586 10164 4444
0 4 5 8 30 101 280 812 2090 6414 9616
0 2 4 14 36 102 278 806 1878 5781 12000
2 2 8 28 65 222 757 1839 4739 10416 3884
0 0 2 9 36 102 268 655 1574 4262 13109
0 2 10 20 53 144 357 996 2534 7559 8600
0 0 3 4 11 55 79 255 586 1880 16709
2 3 16 35 65 197 686 1711 4546 9358 3653
0 4 7 20 75 205 568 1567 3871 10569 4767
1 0 4 15 41 106 309 856 2052 6108 11922
0 3 10 35 80 190 586 1488 4109 10233 2994
0 3 22 17 93 238 632 1880 4717 10903 3420
0 6 8 30 69 205 887 1984 5114 10920 2852
0 0 17 24 90 232 586 1703 4569 11501 3039
1 2 7 10 39 71 267 751 2009 6019 9253
0 2 3 28 54 153 404 1052 2647 8072 8489
1 1 7 15 46 100 303 794 1936 5718 9743
0 0 0 6 37 69 182 458 1080 2803 13190
1 8 10 30 44 151 683 1639 4548 7813 3193
1 4 13 29 76 204 522 1579 4027 10727 3394
0 4 8 26 91 252 651 1844 4541 11336 3307
1 7 19 28 42 156 717 1818 4898 7903 5342
0 0 1 1 13 51 88 306 649 1885 14596
2 7 5 26 43 179 871 2012 4995 10325 3537
0 2 3 9 42 144 400 998 2635 7744 9077
2 1 9 13 34 79 526 1323 3116 9311 3990
0 1 5 25 76 156 445 1260 3162 9631 7642
0 1 7 19 68 171 548 1448 3478 10670 6577
1 3 11 17 39 127 439 1240 3108 9112 4652
0 1 1 5 27 68 198 492 1050 3130 13707
0 1 9 17 43 134 367 945 2403 6814 9283
0 4 15 23 93 234 619 1709 4156 10819 4048
1 2 12 35 68 147 623 1625 4226 9658 2223
1 2 12 28 74 217 1022 2436 5651 10713 3326
2 4 15 25 72 176 919 2063 5650 8691 4609
0 2 5 20 45 102 332 932 2169 6393 9373
0 1 2 19 63 123 303 895 2018 6042 9897
2 1 10 32 88 204 550 1700 4243 10199 2707
0 0 5 5 24 73 170 400 1002 3081 14460
0 8 12 44 104 261 839 2100 5516 9123 2245
2 4 13 21 66 235 658 1868 4708 9597 2075
2 6 10 28 75 214 760 1911 5167 8711 2725
0 1 5 10 34 94 263 821 1724 5010 12076
0 7 8 9 32 122 428 1291 3002 9267 5606
0 3 6 26 66 160 470 1383 3366 9964 5523
0 2 8 30 95 231 573 1593 3961 11377 3854
0 4 7 18 31 148 419 1163 3042 8928 8665
1 5 8 27 72 185 482 1320 3526 10071 5263
0 3 17 24 73 277 672 1824 4882 10264 2935
1 5 8 26 54 207 810 1920 4751 10207 5739
0 4 6 11 35 108 320 933 2589 7629 8346
2 4 9 32 90 225 594 1725 4566 9768 2322
2 2 16 31 77 195 635 1782 4348 9009 2755
2 2 5 19 43 127 575 1585 4132 8674 1965
1 4 15 28 76 258 656 1771 4631 9057 2438
0 1 7 20 44 163 379 1164 2819 8766 8098
1 4 9 23 83 217 925 2253 5683 10301 3741
1 3 16 32 80 197 675 1688 4692 8307 1704
1 2 11 28 90 194 514 1447 3779 10395 3438
1 6 3 22 47 160 396 1254 3147 10067 5192
0 0 0 8 19 59 160 323 689 1928 14776
2 3 5 23 83 214 702 1869 4989 11452 2883
2 3 11 31 97 223 642 1699 4281 9182 2340
1 0 1 12 33 115 398 1178 2582 7739 9334
0 0 7 11 33 99 190 541 1313 3797 13950
1 1 8 17 69 136 450 1372 3535 10856 4709
3 3 7 27 39 195 683 1877 4620 10960 2955
0 1 1 6 15 40 87 368 720 2062 15773
0 0 0 5 21 66 138 322 650 1748 14836
0 4 15 29 68 222 576 1608 4222 10704 3402
0 2 3 16 34 106 308 850 2056 6177 11980
0 2 3 19 46 104 299 869 2082 6426 11545
0 0 1 5 13 46 119 323 665 1996 14009
0 1 6 21 38 128 427 1336 2917 8517 8379
0 1 2 23 47 120 331 922 2205 6499 9945
0 1 6 20 40 125 320 762 2107 6032 10334
0 4 13 22 68 132 507 1283 3300 9616 3369
0 4 13 19 67 232 611 1763 4395 11331 3870
0 2 4 13 51 142 330 881 2335 6906 9508
0 0 2 3 14 46 173 413 921 2560 13947
1 3 11 19 36 88 654 1667 3607 10387 4938
2 3 10 20 60 191 564 1511 4219 8033 0
0 0 2 14 31 131 357 838 1951 5556 11020
2 3 11 17 57 207 638 1770 4894 11897 3343
0 1 4 21 35 107 331 900 2130 6611 10813
0 2 3 20 37 96 242 731 1799 5213 11614
0 1 2 4 32 72 172 501 1213 3562 15295
3 1 8 32 95 229 726 2002 5184 10327 4091
0 0 3 7 22 40 126 392 869 2495 15515
2 4 8 27 91 223 602 1588 4045 9802 3932
2 4 5 23 76 139 468 1354 3479 10009 3855
1 2 3 12 39 143 429 1154 2710 8496 9770
1 3 9 24 63 211 644 1628 4503 10885 3376
0 2 12 27 80 170 455 1319 3200 9918 4916
3 2 6 28 35 172 773 1896 4835 9712 5125
0 0 2 2 26 68 198 546 1158 3287 14687
0 1 5 12 37 115 324 972 2383 6878 10541
0 1 2 11 40 95 253 656 1698 4904 12674
0 6 9 31 76 187 613 1615 4345 10223 3565
1 0 4 22 85 183 460 1310 3381 9916 6335
0 1 7 21 50 150 375 1239 2940 8925 7847
1 1 12 26 42 131 855 1887 4305 12063 3213
0 2 8 26 53 189 734 1761 4269 11659 4284
1 1 6 19 54 142 340 965 2481 7392 8217
0 1 8 12 60 123 354 1035 2498 7507 9031
0 0 0 2 21 55 191 415 929 2564 13439
0 5 6 10 34 99 515 1595 3309 9530 6993
0 3 15 32 60 152 528 1355 3596 9996 3709
0 0 0 5 18 74 147 383 739 2366 15130
1 4 8 29 70 179 525 1443 3645 9521 4969
0 3 9 17 44 146 400 1126 2863 8793 8857
1 1 1 12 30 93 225 537 1341 4074 12235
0 4 6 24 37 116 380 1111 2747 8188 9777
0 3 13 22 63 176 455 1369 3607 10750 4854
4 2 8 23 85 214 656 1680 4386 8603 3124
1 3 10 14 46 116 633 1591 3817 10362 5636
0 1 1 11 32 72 195 493 1142 3508 12558
1 3 12 29 85 246 708 1936 4725 10650 4962
0 4 16 16 61 186 466 1258 3284 9470 4534
0 5 2 15 40 96 547 1598 3134 9259 6782
2 2 8 19 80 181 575 1514 4284 10688 2942
2 6 16 28 73 233 601 1753 4440 8595 3225
0 0 9 18 66 144 522 1269 3255 9540 7035
0 0 8 20 50 149 686 1891 3910 11547 4583
0 6 4 24 56 151 358 1009 2656 7492 7166
0 4 12 33 85 208 717 1897 5030 10230 3741
0 0 2 7 27 75 167 463 1107 3324 14920
0 2 5 14 46 98 250 709 1782 5222 11544
2 2 11 22 64 153 473 1375 3615 10084 3963
1 5 5 13 42 102 436 1336 3045 9377 4534
3 4 12 38 102 267 659 1896 4891 9659 1899
1 1 6 19 53 155 493 1292 3202 9390 6587
0 0 4 23 50 169 441 1233 2879 8648 8799
0 0 0 4 37 70 229 627 1336 4040 13361
0 2 9 13 30 97 308 876 2236 6818 9113
0 0 4 9 37 85 268 654 1439 4090 13886
0 1 6 14 47 168 406 1188 2888 8742 7988
1 0 6 19 64 144 387 1078 2737 8466 8474
0 3 6 15 68 122 337 1001 2531 7501 8217
0 3 8 32 56 167 466 1294 3314 9959 5428
0 1 4 18 64 133 369 982 2520 7457 10082
0 0 2 11 20 70 191 621 1380 4102 13568
0 1 3 7 18 108 326 761 1896 5522 11737
1 6 14 37 81 261 726 1920 4710 9545 2565
1 1 2 18 59 151 358 941 2488 7462 8686
0 3 12 24 92 198 573 1708 4359 11967 2739
0 4 10 28 63 139 532 1440 3737 9932 4110
0 1 3 9 42 111 354 1036 2321 6511 10363
0 1 3 12 47 87 215 713 1694 5169 12959
0 0 0 4 19 65 128 299 627 1935 13895
0 0 4 26 33 93 253 745 1564 4530 12670
0 0 1 6 19 56 120 359 798 2468 14151
0 0 2 8 27 62 205 531 1419 4113 13664
0 6 9 15 58 143 577 1374 3720 10292 4342
0 0 5 8 30 98 202 542 1334 3995 13187
0 7 13 42 73 213 652 1791 4763 8118 2212
0 4 20 50 99 250 766 2141 5387 8271 2094
1 5 7 27 75 232 818 2081 5488 9526 5106
2 3 17 29 71 176 895 2123 5515 10057 2266
2 2 7 22 73 204 516 1423 3693 9557 4722
0 0 0 6 18 36 102 311 724 1870 14090
2 3 13 32 66 189 610 1742 4498 9452 2061
0 0 1 6 26 73 145 365 777 2196 14466
0 0 0 3 20 38 132 319 704 2044 14031
1 1 2 9 27 73 204 660 1556 4736 12614
0 1 1 11 39 73 203 587 1334 3670 13614
1 2 8 15 50 96 322 935 2370 7076 8536
0 0 4 18 40 121 313 814 1927 6048 11832
3 2 12 23 70 213 617 1797 4694 9536 2956
2 3 15 21 73 170 811 1869 4767 8035 6819
0 4 8 21 49 112 621 1437 3609 10270 4381
1 3 18 46 83 239 717 1906 5070 8494 2138
0 1 2 5 29 87 211 594 1397 3939 14418
0 1 3 10 45 143 432 1014 2413 7048 10291
1 3 8 14 37 112 540 1325 3202 9685 5804
2 2 9 18 67 181 492 1219 3450 9966 4131
0 1 4 9 41 136 347 1022 2480 7465 9135
0 0 2 9 28 74 170 485 1093 2936 14299
0 0 2 8 12 48 135 441 908 2517 15887
1 1 5 18 48 127 339 968 2490 7490 9529
0 0 2 7 14 52 130 374 775 2106 14447
1 1 6 19 39 132 322 945 2381 7048 9102
1 5 8 23 62 128 565 1487 3881 10371 3082
0 2 11 27 64 181 492 1437 3744 11062 5602
0 2 8 22 63 151 704 1711 3818 11547 4646
0 2 2 10 35 101 250 680 1688 5047 12237
0 5 11 18 63 152 462 1196 3122 9326 5037
0 4 6 43 100 270 649 1877 4758 11351 3976
2 4 13 40 62 211 663 1893 4876 8623 2468
2 5 11 20 54 223 709 1817 4688 10102 2583
0 7 8 25 42 99 619 1553 3774 9858 3609
1 3 10 20 66 192 502 1357 3544 10255 4262
1 4 10 18 77 200 598 1655 4244 10109 3020
0 0 2 8 33 73 201 570 1264 3852 12753
0 0 2 8 32 85 245 565 1276 3639 12779
0 2 17 25 86 182 593 1593 4250 10554 3365
0 2 5 15 35 114 274 787 1903 5676 10759
1 2 5 10 39 114 330 865 2142 6590 9383
0 2 2 6 14 52 119 332 837 2398 15466
2 3 7 17 37 135 819 1970 4927 10014 2815
2 5 6 38 69 206 615 1747 4904 10615 2768
3 3 9 33 69 191 818 1971 5252 9224 4759
1 3 7 20 58 172 708 1831 4441 11498 4732
1 4 7 22 59 132 588 1511 3961 10465 4176
0 3 10 24 48 103 705 1810 3989 10953 4459
1 2 7 32 58 168 589 1455 3864 10824 4841
1 1 14 37 88 190 650 1655 4509 10591 2587
2 2 6 14 53 126 365 1085 2821 8879 5962
0 1 1 10 14 67 195 464 1075 3333 13220
0 5 14 28 88 211 576 1537 4074 9614 4296
1 2 5 11 46 98 258 749 1852 5578 9039
0 0 4 14 22 85 213 507 1171 3383 14157
1 3 7 26 70 159 585 1448 3765 9539 4857
2 6 3 38 81 172 557 1410 3922 9348 3050
0 2 0 14 38 123 355 928 1931 5870 10261
0 2 4 8 34 106 242 649 1550 4377 12308
0 0 1 9 19 79 191 442 893 2371 14261
1 1 1 10 53 164 478 1290 3040 9324 7176
1 6 8 28 80 226 565 1680 4459 9478 3674
1 5 9 30 50 228 756 1903 5046 10784 3375
1 1 8 33 91 222 602 1655 4300 11081 4157
3 4 9 19 70 190 457 1498 3709 9670 2981
0 2 4 14 42 123 461 1156 2712 8606 8606
0 0 3 8 44 90 256 640 1570 4475 12784
0 4 4 16 42 96 348 930 2351 7298 10063
1 2 14 24 44 119 662 1600 4217 8566 3929
0 1 3 9 35 73 195 545 1371 3780 13537
0 0 2 11 39 100 253 694 1538 4517 12640
2 1 10 18 55 157 500 1430 3546 10357 3705
0 0 14 20 40 105 270 828 1958 5619 10795
0 1 3 19 54 154 543 1459 3429 10842 5584
0 4 6 9 47 107 317 1003 2376 7238 9569
0 1 5 16 44 119 272 760 1842 5836 11895
2 7 10 20 40 132 762 1841 4771 8231 9231
1 2 14 27 61 158 493 1473 3730 10034 3454
0 0 4 8 22 71 188 511 1237 3557 12584
0 0 2 5 15 57 149 436 976 2917 15624
1 1 4 15 40 94 272 819 1935 6075 11330
1 1 10 23 54 174 503 1419 3614 10174 3201
2 4 10 28 62 233 672 1807 4702 10124 3708
0 2 8 14 51 112 554 1348 3376 9802 5067
0 0 3 8 30 66 209 560 1476 4490 13760
1 3 8 18 43 106 399 1061 2814 8741 8653
0 3 12 22 45 133 667 1638 3917 11311 4385
0 4 5 15 43 128 363 1001 2406 7280 9014
0 2 6 23 71 163 397 1040 2571 7194 8362
0 4 4 21 59 178 524 1474 4161 9814 0
1 7 12 18 81 257 759 2069 5451 10616 2170
0 3 20 25 81 223 609 1743 4455 9900 3083
1 3 5 14 37 105 441 1294 2731 8505 7059
0 1 1 5 18 58 131 348 827 2279 14611
0 3 7 14 28 118 423 1243 2773 8387 8275
0 1 8 22 58 154 420 1198 3175 9602 6922
1 4 10 27 93 282 737 1924 5049 10396 2632
0 4 11 29 83 259 658 1891 4884 10582 3436
0 2 3 25 60 157 518 1380 3403 10103 5985
0 0 2 1 12 35 108 263 642 1841 14556
1 3 5 18 53 104 455 1200 2966 9009 6162
1 4 11 31 92 244 778 1975 5233 9143 2642
0 1 3 14 34 79 218 639 1449 4101 13209
2 2 18 39 86 267 676 1936 5081 8557 2691
0 1 6 9 38 112 374 920 2320 7057 9799
0 0 3 9 38 92 260 717 2208 6246 6071
2 2 7 21 71 192 681 1780 4974 9256 2792
2 0 5 18 44 110 584 1448 3451 10315 6770
0 1 4 16 36 101 255 694 1762 5313 10875
1 6 9 43 60 183 964 2271 5693 8720 4542
0 3 14 22 71 205 530 1356 3560 10222 5210
0 0 7 10 44 114 288 802 1920 5812 11849
2 3 7 21 47 112 532 1296 3620 9356 3761
1 4 13 25 62 215 1007 2222 5584 9411 4806
0 1 2 7 23 38 114 304 788 2115 16412
0 0 5 7 41 92 270 729 1729 5138 11791
1 8 12 26 51 207 768 1961 5089 10192 2662
2 3 12 37 82 228 716 1923 5116 9809 2218
0 3 5 18 64 167 536 1420 3410 10464 5525
0 4 10 26 84 251 701 1873 4834 11512 2827
0 8 7 41 89 287 798 2204 5630 10305 2582
0 0 1 17 26 67 172 489 1075 3197 13599
3 4 11 26 59 183 539 1715 4390 9831 2936
2 1 9 19 81 180 757 1871 5011 10354 1647
1 3 10 22 61 148 542 1479 3843 10752 4140
0 1 2 9 37 86 291 705 1572 4776 12283
1 1 7 21 57 148 509 1381 3313 10356 5711
0 0 2 10 42 113 267 687 1611 4431 12488
0 0 3 17 56 126 348 937 2236 6782 10587
0 1 7 19 39 134 485 1263 2967 9019 7011
0 4 10 34 77 232 727 1776 4730 10682 3219
0 3 15 28 75 209 599 1725 4244 11792 3143
1 2 12 24 41 131 632 1644 3803 10347 4099
0 2 8 14 42 130 298 821 2171 6178 10518
1 2 5 23 82 196 601 1735 4116 11278 3546
0 0 1 3 26 89 144 387 805 2284 14104
0 1 2 9 28 81 212 604 1321 3984 11772
1 1 7 16 40 104 363 1088 2552 8132 6211
2 0 4 32 80 199 584 1669 4116 10973 3839
0 3 3 13 33 136 284 886 2196 6732 10454
0 1 11 26 75 165 542 1422 3583 10551 4022
0 0 1 8 27 71 197 473 1268 3608 13317
0 5 8 36 109 244 659 1918 4893 10543 3578
0 1 14 28 65 161 407 1235 3103 8698 6551
0 2 8 21 57 170 575 1531 3903 11629 4722
0 0 7 15 27 122 314 915 2008 6142 11447
1 2 4 22 54 126 503 1257 3103 9349 6610
0 3 17 29 88 185 547 1553 3821 9681 3869
0 1 2 13 52 136 356 911 2312 7053 9615
0 6 10 33 113 249 740 2009 5125 10406 3295
2 3 11 24 83 231 731 2051 5385 11275 5057
1 4 5 14 34 60 368 1095 2732 9079 6444
0 5 5 31 73 144 469 1281 3235 9758 5512
0 2 14 36 71 134 601 1563 3762 9897 2673
1 6 11 37 40 222 956 2089 5244 9194 3600
2 6 8 36 98 254 688 1912 5075 10579 2956
0 1 7 14 47 138 598 1571 3292 9878 6495
1 1 4 20 52 158 385 1170 2815 8786 8414
1 5 13 24 71 215 534 1634 4126 9501 3987
1 0 8 19 59 215 610 1670 4393 10746 4603
1 1 11 19 74 210 618 1579 4637 9793 1956
1 0 4 6 36 84 247 723 1818 5502 10807
0 1 1 7 9 46 98 405 876 2643 16577
0 4 9 12 33 104 526 1479 3224 9871 6551
0 4 7 26 73 165 484 1154 3094 9064 5250
0 1 1 20 48 106 289 864 2148 6489 10357
0 3 2 9 29 91 260 636 1632 5203 11962
0 3 16 35 92 263 809 2168 5597 10267 2184
0 0 7 14 42 106 233 618 1497 4923 10854
0 2 6 13 42 117 281 819 2001 5985 10435
0 3 3 10 40 99 262 720 1902 5609 10816
0 2 4 10 37 81 251 690 1609 4622 12634
1 6 7 13 43 151 539 1328 3621 9857 4733
0 0 1 2 30 42 119 354 702 2138 14353
2 1 5 16 63 166 485 1352 3624 11192 7371
1 5 10 23 47 202 734 1854 4638 11017 3669
0 2 2 11 23 120 282 735 1784 5253 12172
1 3 5 17 40 111 359 1092 2618 8193 8579
0 1 10 23 53 136 413 1038 2786 7964 7659
0 3 3 21 59 127 367 1130 2607 8065 8723
0 0 5 14 60 123 350 1037 2615 7441 10071
0 0 1 3 15 80 200 533 1080 3245 13385
0 1 3 17 66 151 525 1289 3220 8919 8223
0 3 13 24 68 204 649 1783 4602 10592 4465
2 2 9 16 32 92 678 1736 3939 9689 7965
1 4 8 27 65 199 676 1765 4459 10101 2872
1 4 5 25 52 121 446 1316 3125 9203 5569
1 1 14 25 55 137 442 1147 3172 9513 5038
0 6 8 17 63 104 580 1547 3817 10250 3232
0 1 2 14 50 97 269 751 1712 4895 11923
1 6 13 29 62 168 893 2030 5480 9959 3349
0 3 14 29 99 246 731 1882 5091 9715 3063
0 2 1 12 26 91 207 672 1532 4725 12789
1 6 11 24 34 116 754 1823 4455 9988 3652
0 2 6 10 29 132 295 816 1877 5517 13483
0 6 11 27 108 207 638 1664 4422 9725 3108
1 7 11 22 68 147 564 1449 4151 7541 3117
0 3 6 15 31 88 318 864 2221 6300 10030
1 0 10 24 49 152 670 1745 4465 12288 3808
1 2 4 18 75 204 598 1657 4287 10753 5001
2 0 10 26 82 213 549 1580 4197 10233 4080
1 0 5 26 59 190 440 1305 3181 9700 5509
0 1 14 23 62 141 371 1038 2643 7808 6900
0 0 0 1 11 52 135 307 687 1867 13642
1 3 6 14 67 171 455 1222 2998 9352 5221
0 3 10 16 64 172 470 1390 3271 10150 5922
1 3 5 21 73 160 569 1450 3877 10602 4419
0 0 3 10 44 109 285 768 1816 5328 13009
2 6 10 22 51 164 518 1438 3639 9871 3063
0 3 1 11 36 81 214 662 1482 4348 12789
3 5 10 36 78 212 709 2008 5202 9203 2902
1 4 5 18 56 167 496 1450 3682 11059 3508
0 0 2 12 36 116 242 624 1635 4503 12865
0 1 1 5 42 131 289 791 1788 5328 11658
1 3 7 9 59 151 388 1077 2919 8835 7789
0 0 5 7 34 103 212 620 1505 4330 14091
0 2 6 20 52 158 424 1239 2928 9013 7646
2 3 13 28 95 229 613 1837 4734 9460 2654
0 1 9 16 44 115 299 780 1967 5815 10786
1 6 12 33 71 229 793 2046 5146 9633 3200
0 5 7 42 78 220 588 1682 4521 10927 4083
3 6 9 23 88 247 659 1849 4879 9585 1777
2 2 17 35 70 212 735 1999 5174 9492 3155
0 1 5 19 59 151 386 1000 2544 7141 8671
1 4 13 32 72 200 967 2249 6072 10049 4936
0 2 11 32 64 218 818 1909 5076 10368 4658
1 0 3 7 30 91 206 618 1468 4430 11775
1 4 8 26 49 113 481 1368 3277 9803 3687
0 1 1 11 44 136 278 818 1718 4778 11171
0 0 2 13 47 91 259 697 1546 4668 12392
2 3 10 29 74 213 527 1536 4075 10177 4144
1 9 10 17 41 131 682 1644 4354 9069 3147
0 4 13 30 87 213 663 1788 4300 10987 4268
0 0 3 8 25 57 172 458 1022 3043 15387
2 3 15 22 68 190 541 1651 4152 9767 3054
1 2 4 11 33 96 270 850 2285 6707 8989
1 1 11 32 73 213 542 1493 3850 11199 3853
0 5 5 19 59 155 617 1572 3898 11015 4325
2 1 9 21 57 146 451 1249 3286 10066 4868
3 4 2 16 36 88 424 1136 3043 9418 4076
0 7 7 19 45 150 714 1776 4422 10470 3901
0 1 4 10 54 101 345 1003 2336 6591 10557
0 7 15 37 103 225 659 1884 4652 10749 1683
0 0 1 8 28 86 228 550 1259 3898 13358
1 3 10 25 62 159 531 1371 3407 10387 3430
1 3 12 18 69 181 455 1482 3709 9976 5593
2 5 12 34 74 199 620 1713 4381 9274 3370
0 1 7 13 35 103 347 1056 2272 6633 10885
0 1 3 11 50 101 233 709 1733 5117 12710
1 4 5 26 82 207 629 1614 4206 10347 3819
0 1 4 17 43 106 288 825 1954 5827 10570
0 0 3 12 41 80 279 872 2090 5896 11546
1 5 8 42 90 269 715 1972 5313 8588 5318
1 4 7 34 62 159 604 1647 4218 10679 2563
2 4 16 30 77 208 631 1686 4328 8257 3457
2 1 4 18 51 138 568 1472 3842 10960 3617
2 1 6 21 59 99 428 1180 2929 9223 4836
0 0 5 17 42 115 275 820 1889 5482 11075
0 0 3 12 25 68 234 670 1460 4313 13041
0 7 14 32 89 210 592 1762 4507 9815 3000
1 4 6 20 54 186 554 1523 3735 9911 3380
0 1 10 22 69 175 500 1463 3761 11177 4863
2 4 15 17 75 221 759 1925 5039 9531 1697
0 1 4 10 36 108 274 830 1961 5662 11667
2 3 17 41 70 152 711 1856 4798 8226 4379
1 1 1 8 25 65 175 529 1216 3583 13168
0 4 7 20 76 242 646 1743 4187 11425 4241
0 1 3 6 27 65 158 443 964 2916 13492
1 3 10 15 82 197 486 1511 3983 10677 4483
1 2 7 18 50 140 645 1635 4051 11584 4575
0 5 12 32 96 201 756 1972 4910 11143 3440
1 4 6 23 73 169 427 1266 3190 9785 5108
2 4 5 15 31 170 782 1896 4625 11663 4307
4 0 12 35 62 190 560 1649 4440 10281 2767
0 1 9 21 51 158 438 1159 3015 9105 8093
0 4 2 7 31 88 271 766 2030 6126 11710
0 5 11 28 73 178 579 1578 4110 11003 3735
1 5 10 11 35 139 408 1242 3302 10195 4541
1 5 7 25 74 198 816 1979 5140 10420 2480
1 1 5 18 51 101 349 1001 2396 7332 8681
0 0 3 7 17 51 129 420 922 2527 14501
2 2 9 28 108 280 766 2136 5689 9853 2668
0 1 4 9 18 63 149 415 1073 3092 18098
0 0 4 5 34 100 196 450 1098 2923 14474
0 0 3 6 25 79 170 455 1036 2976 14992
0 1 2 3 31 85 189 482 1154 3314 12562
0 0 0 5 20 53 127 363 761 2162 14201
0 0 3 7 29 74 189 441 1065 3113 13743
2 2 13 17 46 172 730 1672 4420 9702 2421
1 0 9 19 70 186 534 1454 3692 10685 3992
0 1 6 26 34 99 262 773 1904 5493 12079
1 3 9 21 77 190 499 1409 3619 10288 4795
1 1 10 17 38 106 336 1010 2487 7683 7470
1 5 17 36 72 206 713 1889 4979 9309 2264
1 0 4 13 47 135 302 937 2389 7514 8724
0 4 11 30 79 228 775 1958 5122 10542 3308
0 0 1 7 33 54 112 299 737 1999 15419
0 0 0 8 22 61 196 435 1002 2990 14112
2 3 4 23 50 172 594 1572 4230 9466 3201
0 0 5 12 51 122 303 846 1962 5306 12129
0 3 6 18 63 125 436 1155 2893 8894 6941
0 5 11 29 60 145 496 1318 3363 10120 3650
0 1 5 19 65 174 402 1198 2763 8236 8815
0 0 2 4 17 71 131 382 885 2549 14662
0 1 3 11 39 80 220 638 1615 4605 13446
0 5 16 24 57 201 601 1529 4090 10184 2614
0 0 2 3 12 50 151 413 897 2618 15273
0 4 12 21 53 162 548 1426 3619 10169 4538
1 8 13 39 91 243 721 1804 4725 10437 2295
1 0 9 22 52 124 425 1106 2896 8268 5773
0 0 2 6 18 82 202 551 1291 3852 13532
0 5 14 26 82 196 525 1526 3733 9859 3462
0 0 3 14 45 105 237 834 1911 5631 12030
0 0 8 21 58 138 411 1147 2913 8692 9296
2 2 6 28 78 240 551 1682 4175 10896 2952
0 2 8 15 38 129 439 1274 2707 8053 7830
0 1 0 3 26 60 114 326 593 1807 14194
1 1 3 18 53 106 293 829 2188 6114 9355
2 2 10 35 73 150 699 1676 4106 9739 2343
0 3 8 31 103 251 742 1951 4802 11018 2676
0 4 6 16 49 111 317 903 2306 6756 11311
1 5 7 25 58 222 498 1431 3688 9908 4267
0 0 6 15 51 133 427 964 2481 7612 9821
0 5 14 61 106 269 713 2077 5068 10381 2152
2 3 7 18 67 165 495 1280 3416 9537 3636
0 2 2 12 47 113 271 764 1896 5590 11439
0 3 8 20 41 120 567 1287 3275 9854 4862
1 5 8 31 79 208 611 1743 4504 9616 2722
0 0 1 12 25 68 179 554 1256 3668 13412
0 4 3 13 39 103 249 728 1862 5555 10545
1 3 13 31 45 135 814 1955 4910 10131 4152
0 3 3 9 32 93 225 608 1670 4979 13092
1 1 3 18 28 82 223 656 1601 4719 11817
0 1 8 17 55 131 313 931 2289 6615 10547
1 0 5 19 46 100 264 802 2051 5898 9881
1 7 16 26 83 227 684 1823 4543 9777 2500
0 10 15 43 64 236 720 1822 4798 9048 3964
2 5 9 34 78 242 619 1816 4560 9954 2810
0 7 10 36 112 237 768 2065 5417 10104 2218
0 4 17 31 64 219 800 1750 4477 9538 3087
0 0 0 6 14 45 107 257 549 1647 15169
0 2 5 28 58 146 335 930 2413 6836 8482
2 2 7 16 49 183 595 1542 3899 11245 4039
0 1 3 17 46 86 213 573 1504 4105 13100
0 1 4 6 28 88 181 506 1211 3785 14959
0 1 3 19 41 116 335 933 2201 6734 10214
1 6 17 30 87 213 617 1636 4320 8286 2421
0 9 8 27 48 194 595 1642 4337 8024 606
0 1 6 13 29 112 229 718 1595 4692 11069
0 6 3 17 54 125 528 1407 3247 10139 5253
0 1 6 18 63 144 513 1348 3515 10665 6105
1 5 15 22 72 232 570 1862 4773 11540 2087
2 4 13 13 61 202 628 1735 4453 9920 3011
0 1 6 24 49 98 287 819 2017 5862 10199
0 1 0 3 23 68 125 387 893 2678 13763
1 1 14 18 41 147 802 1690 4652 8248 4045
0 0 6 14 44 122 307 938 2329 6970 10768
1 2 2 13 36 78 425 1300 2779 8178 7757
0 1 2 13 32 123 339 843 2215 6364 10703
0 0 2 8 9 54 112 266 550 1531 15358
0 6 9 16 71 155 414 1190 3227 9475 5700
0 0 1 5 13 35 99 252 518 1509 14772
0 2 5 25 58 165 599 1513 3655 10739 5224
0 3 5 14 33 88 336 993 2299 6393 10164
0 3 8 22 61 157 463 1383 3544 11092 4815
2 5 11 29 67 197 659 1599 4515 9092 2198
2 4 16 31 104 235 716 1893 5158 8615 3076
0 2 2 5 13 65 123 354 753 2261 14344
3 3 11 17 43 170 821 1900 5003 10342 2014
2 4 10 40 89 205 575 1668 4564 9655 3148
1 4 7 23 46 118 607 1710 3959 10854 4818
4 3 6 25 57 171 582 1596 4193 9530 2381
0 2 12 45 70 209 712 1778 4587 11725 3005
0 0 1 5 18 38 113 317 688 2262 14548
0 3 4 16 45 113 413 1221 2760 8430 8219
2 3 10 41 78 211 697 1791 4586 9771 1946
0 0 8 13 53 131 351 943 2360 6714 10085
0 1 1 23 39 119 387 988 2326 6878 9878
1 3 6 31 74 231 568 1738 4471 11222 2733
1 0 6 19 37 114 400 1086 2503 7475 8866
2 5 7 23 63 163 579 1547 4141 10135 2950
0 4 12 23 64 183 529 1555 3840 11401 3525
0 1 3 4 20 87 248 677 1649 4761 12467
0 0 2 4 28 54 183 408 870 2500 14651
0 0 3 19 29 95 238 664 1576 4528 13345
0 6 16 52 123 267 719 1892 4900 8924 2291
0 1 8 12 33 97 268 723 1791 5216 11112
0 1 4 17 51 136 370 984 2433 7162 9773
0 6 13 34 107 229 617 1859 4706 10806 2158
2 1 2 16 33 112 553 1265 2959 9181 7468
0 3 5 14 50 193 520 1460 3493 10320 6382
0 1 16 14 65 203 618 1556 4362 10955 3952
0 1 11 16 34 115 504 1301 3015 9222 6450
0 2 0 10 28 66 252 683 1524 4901 12656
1 3 6 31 70 207 847 2125 5458 11168 2433
0 0 5 12 41 104 244 704 1778 5276 11622
0 0 3 6 25 73 170 433 1037 2805 13612
0 6 18 42 76 291 827 2147 5598 8695 4800
0 6 15 41 113 262 726 1999 5190 9890 2112
1 2 12 37 83 251 595 1648 4310 10635 2328
0 0 2 7 21 48 170 450 1047 3030 14137
0 4 5 25 53 215 797 1936 4781 11370 4695
1 6 5 13 71 141 444 1118 3063 9051 4529
0 0 0 6 16 80 156 430 994 2897 13382
0 0 3 8 39 90 235 582 1434 4261 13037
0 4 12 29 97 201 649 1601 4051 10207 3059
0 1 4 13 50 146 412 1089 2563 7999 9399
1 2 6 22 57 138 354 1106 2915 8984 7495
2 3 8 14 71 200 643 1613 4451 9730 4584
2 1 5 22 71 177 584 1511 4331 10094 2960
0 1 2 9 28 60 186 581 1310 3882 14830
0 3 9 25 64 190 514 1376 3555 10529 5019
1 5 21 31 43 148 781 1906 4991 8234 8755
0 6 11 31 94 262 716 1920 5195 11436 2739
1 2 11 25 44 100 494 1307 3309 9222 6480
0 0 2 12 41 128 340 818 1803 5282 11121
0 2 5 10 35 118 297 859 1987 5978 10744
1 3 13 31 80 254 808 2116 5539 10228 2742
1 5 13 22 28 101 660 1575 3906 9461 4558
1 3 17 27 87 252 581 1667 4305 10809 2777
0 0 1 8 38 73 275 738 1709 4726 12627
1 4 6 17 44 158 390 1182 3008 9230 5577
0 0 0 2 11 39 101 250 618 1743 14218
0 4 11 26 72 181 717 1719 4423 10591 2634
2 3 5 12 50 148 393 1130 2863 8691 6079
0 0 5 21 49 126 353 944 2153 6530 10490
0 1 4 17 47 112 336 1035 2142 6481 10701
1 2 10 22 31 78 474 1451 3354 10020 4439
3 4 5 19 83 181 614 1572 4188 9938 2439
0 2 3 18 39 143 420 1156 2744 7994 9254
0 3 16 38 109 240 752 1908 5138 9566 2634
1 1 7 29 52 138 362 1139 2713 8446 6752
1 6 12 34 87 235 728 1937 5296 8377 2449
1 2 10 30 109 202 597 1643 4039 11064 3649
2 7 9 28 83 185 633 1767 4405 9009 1872
0 6 15 44 81 233 812 2055 5358 8462 2902
3 1 6 25 59 153 516 1433 3855 10018 3486
0 1 1 14 57 135 418 1070 2546 7603 9138
1 0 5 14 23 77 213 640 1665 5240 10701
0 0 2 7 33 84 155 439 990 2869 13574
1 3 4 11 42 113 297 947 2317 7055 9536
0 2 5 15 47 134 431 1272 2810 8528 7974
0 2 7 16 42 127 377 1082 2802 8252 7321
0 2 4 15 48 114 324 918 2366 6796 9412
1 3 13 29 67 185 523 1477 3816 10153 3399
0 0 2 11 22 56 126 317 817 2294 14782
0 1 2 7 35 86 264 677 1730 5004 12719
0 1 0 4 32 109 181 521 1196 3760 12569
1 1 5 10 48 95 275 731 1848 5655 11915
0 1 2 12 43 95 229 752 1657 4886 11988
0 4 4 8 22 85 260 728 1810 5591 10861
0 3 14 22 59 173 622 1558 4100 10887 4041
1 1 8 19 46 126 535 1402 3315 10118 4296
0 3 4 27 56 163 604 1488 3766 11615 5234
0 3 12 28 70 180 745 1839 4790 11160 3177
0 0 3 5 14 46 112 310 725 1938 15400
0 0 1 9 21 66 178 481 1215 3595 14156
0 3 6 15 46 112 337 895 2181 6599 9796
1 1 7 22 75 187 531 1471 3720 11194 6552
0 0 0 2 20 54 122 401 759 2205 13607
0 2 6 15 36 107 304 873 2296 7097 10570
0 0 3 15 25 105 232 694 1641 4875 11808
0 1 4 13 33 119 311 777 1870 5338 11120
0 0 1 2 14 44 116 282 560 1710 13902
1 3 7 23 45 162 704 1671 4090 10897 6035
0 0 4 8 25 82 191 436 1046 3085 14949
0 2 8 23 38 137 404 1258 2924 9209 7106
0 1 3 15 47 129 359 987 2302 6730 10205
0 0 3 5 27 82 174 445 974 2711 13678
2 5 12 22 83 201 556 1534 4179 9169 3127
1 1 3 8 33 123 395 1158 2697 8433 7846
0 4 14 22 59 177 475 1356 3486 10448 4175
0 4 3 10 42 127 306 1009 2351 6821 10206
2 2 7 30 71 201 522 1472 3701 9944 4058
2 7 6 30 78 244 704 1907 5114 9114 4674
1 1 6 11 52 106 347 920 2487 7549 10929
1 3 6 19 39 142 401 1203 3160 9301 4316
0 2 7 17 54 122 321 818 2167 6259 9962
0 1 8 21 56 143 396 941 2657 7865 8481
2 4 5 11 45 151 607 1566 3968 9408 4503
0 1 4 13 48 147 315 868 2230 6434 11171
2 0 8 22 47 176 494 1378 3783 9530 5121
0 0 1 2 9 30 83 251 553 1672 14570
0 1 1 9 31 80 232 621 1413 4231 13090
0 0 4 8 32 54 137 394 930 2449 14609
0 4 8 28 80 187 693 1852 4707 11158 2462
1 6 10 26 45 148 802 1775 4665 9940 2461
1 5 9 39 52 151 541 1425 3923 9704 6487
2 3 11 23 80 229 550 1588 4080 10022 3886
2 5 15 29 61 230 767 1849 5037 8324 4333
0 4 11 24 58 132 667 1674 4072 10445 3503
0 0 0 4 17 51 139 385 827 2130 14507
0 0 2 13 28 69 161 451 954 2760 14264
0 2 3 8 22 106 237 720 1750 5228 11183
1 5 17 27 59 216 701 1883 4731 9842 2898
1 0 17 31 50 141 357 1034 2902 9113 5812
0 1 8 21 45 135 456 1079 2623 8007 7927
0 2 2 15 42 107 265 791 1895 5344 11162
1 3 7 26 74 227 597 1715 4508 11964 3880
1 1 3 5 33 69 231 642 1588 4565 12451
0 2 7 15 36 101 340 875 2443 7477 10409
0 2 4 15 52 136 288 892 2156 6545 9958
0 0 11 26 59 188 805 1949 4528 11759 3986
0 1 6 11 38 123 270 777 1729 5031 12176
1 4 14 32 71 243 684 1794 4583 9180 4014
2 2 11 22 57 204 479 1401 3512 10461 3666
1 1 11 27 63 143 451 1134 2981 8858 6322
0 3 15 25 81 210 792 1886 4718 9879 3999
0 1 4 6 32 63 197 506 1188 3545 13145
0 0 4 7 44 158 332 939 2362 7087 10811
0 1 1 10 46 104 270 761 1796 5500 11532
2 1 12 38 103 303 793 2128 5333 9688 1875
0 2 6 23 70 182 513 1359 3364 10305 5254
0 4 4 30 100 192 520 1408 3703 10686 3803
0 0 2 3 38 95 249 583 1471 4419 13132
0 0 7 15 35 90 228 617 1530 4438 13211
1 2 7 26 71 151 495 1295 3356 9696 4264
2 2 14 33 109 262 685 1895 5025 10815 2954
2 4 9 23 85 181 611 1709 4727 9961 3419
0 1 3 8 29 92 221 542 1327 3895 13531
0 0 6 11 64 120 332 982 2392 7355 9736
0 2 9 11 44 126 361 961 2434 7347 8672
0 6 11 36 50 228 950 2161 5762 9673 4321
2 6 9 27 73 170 579 1707 4639 9572 1796
1 1 5 24 77 138 418 1208 3079 9632 7438
0 0 5 14 49 102 274 769 1798 5258 11662
3 2 13 25 72 201 505 1656 4202 10404 3674
3 2 8 32 53 211 908 2145 5370 10150 2342
1 5 9 36 71 230 796 2002 5391 9709 2825
1 3 11 34 82 194 572 1608 3981 10340 4929
0 1 3 6 27 66 158 457 1084 2988 14293
0 2 17 43 87 268 692 1984 5220 10745 3456
0 7 12 25 86 189 733 1808 4953 10450 1906
0 3 6 24 44 129 575 1526 3627 10849 5100
2 5 11 27 47 170 575 1623 4376 8867 2761
1 0 8 27 63 161 416 1096 2966 8569 6293
0 2 4 9 41 119 276 802 1883 5436 10624
0 5 9 19 43 113 358 910 2585 7815 7876
2 0 14 32 104 262 656 1727 4703 8932 5164
0 0 1 6 24 54 173 495 1010 2795 14006
0 3 6 14 66 168 501 1325 3408 10127 6902
2 1 11 34 88 290 710 2010 5221 10295 3140
2 1 7 34 52 213 649 1814 4576 10848 4375
3 4 14 34 45 187 839 2080 5339 9246 2583
0 1 1 5 31 103 207 634 1449 4203 13700
1 1 10 28 68 145 476 1325 3735 10490 4531
2 1 7 20 60 134 394 1236 2915 9304 5841
1 0 4 7 30 101 281 759 1721 5170 12495
0 0 7 7 26 103 204 600 1486 4129 14103
1 3 9 16 44 160 469 1255 3039 9664 5687
0 3 3 23 25 99 271 911 2210 6553 10677
0 2 6 18 47 119 354 994 2497 7218 9304
1 6 10 26 59 144 856 2082 5353 8675 7923
0 1 7 11 55 144 337 939 2419 7120 9888
1 3 11 39 64 230 831 2123 5538 8130 5299
2 2 9 24 71 171 421 1274 3406 10149 4793
3 3 7 24 69 228 1007 2144 5393 8736 3902
1 2 3 11 32 87 242 705 1832 5653 10364
1 3 9 17 52 124 550 1415 3510 10194 4360
0 1 5 12 24 77 220 638 1476 4361 13030
0 0 0 1 16 74 164 337 689 1924 14338
0 4 16 21 42 127 683 1805 4369 10974 4007
0 9 9 43 93 225 697 1951 5328 8528 3486
1 3 11 29 53 151 436 1153 3329 9636 4916
0 2 5 12 46 96 227 653 1580 4834 11619
2 3 12 25 45 160 531 1409 3542 10103 3327
1 3 18 30 61 197 640 1604 4228 9680 5823
0 1 6 14 35 103 337 991 2074 6423 11700
1 6 9 22 68 129 520 1320 3454 9911 3809
1 3 14 20 46 117 722 1699 4114 10461 3817
0 1 1 11 20 68 210 630 1446 4457 13396
0 2 13 31 86 233 613 1735 4275 11891 3427
0 0 5 8 34 84 210 535 1211 3691 12525
0 0 4 3 30 42 121 320 776 2368 16136
0 3 6 26 71 122 363 1057 2749 8233 6412
1 0 12 20 83 196 529 1463 3770 10894 4502
0 0 1 10 48 135 357 1055 2440 6849 10232
0 0 0 6 22 45 115 322 631 1735 14301
0 1 4 10 29 61 179 449 1092 3028 14908
0 2 1 5 28 70 154 486 1171 3062 13056
0 0 7 14 27 78 197 535 1266 4098 13399
1 1 3 19 32 122 344 1056 2198 6849 8335
0 0 3 5 22 45 87 311 624 1776 16395
0 0 2 7 20 66 153 378 936 2727 14603
1 4 4 10 38 153 510 1401 3738 10718 5945
0 0 4 18 39 132 410 1179 2827 8360 8194
1 4 13 33 91 255 810 2128 5532 9452 2460
0 3 7 20 54 148 361 1013 2529 7321 8352
0 1 5 13 33 102 260 805 2091 6180 11237
0 2 6 29 75 180 507 1443 3532 10659 4746
0 2 6 10 32 83 303 837 1816 5603 11357
2 0 6 17 28 81 489 1298 2974 9502 6525
0 0 1 16 54 126 303 865 2111 6308 10992
1 1 7 16 40 117 360 1119 2947 9472 9210
0 2 10 24 74 192 553 1540 3983 11291 4378
1 6 13 20 84 223 692 1837 4681 9423 2870
2 4 12 21 62 140 764 1777 4514 8584 6686
1 4 8 33 45 133 733 1762 4565 9531 4131
0 4 8 13 47 138 594 1586 3701 10796 4701
1 0 1 12 22 90 251 752 1562 4685 13003
1 3 12 21 60 212 697 1751 4639 9825 4366
0 2 10 24 33 113 353 952 2479 7758 8398
1 4 8 33 74 162 708 1759 4660 8461 2653
0 2 5 16 49 149 576 1352 3117 9240 7334
0 4 8 25 44 126 396 1182 2970 9210 6043
0 1 3 4 31 78 212 497 1377 3581 13096
2 3 17 24 92 232 653 1797 4767 7945 3943
0 0 1 2 22 66 138 345 758 2051 15541
0 5 11 32 86 232 831 1976 5487 10970 2264
1 4 13 29 73 219 730 1884 4931 8897 3592
0 0 1 8 14 52 157 392 910 2769 13760
0 0 6 17 35 96 271 782 1888 5522 11975
2 3 6 22 50 109 490 1263 3165 9790 4381
0 6 9 17 59 164 389 1147 2992 9340 5710
0 3 15 30 78 240 673 1883 4842 11401 3812
0 0 2 8 34 71 261 625 1482 4278 12657
0 0 1 13 33 64 147 429 989 2696 15349
0 2 8 28 74 159 450 1120 2980 8670 5655
0 2 3 13 36 136 371 1057 2857 8613 8529
0 4 10 38 95 229 609 1864 4771 11485 2660
2 6 7 40 71 171 742 1829 4868 9525 2208
0 5 15 22 65 191 580 1629 4476 9920 4707
0 1 0 4 20 36 127 362 773 2276 15375
0 0 0 5 18 29 123 329 772 2193 14988
2 4 9 27 46 188 727 1897 4911 10990 4730
1 6 10 42 67 176 869 2017 5066 8785 2658
1 3 6 15 36 118 339 1016 2614 8113 8775
0 2 8 16 49 138 355 1048 2671 7736 8190
2 4 4 27 67 214 589 1691 4336 11218 3388
1 2 9 20 48 160 445 1173 2997 8726 6007
1 1 1 4 29 84 233 721 1626 5030 13352
1 6 6 25 62 185 661 1716 4826 10855 2866
0 3 9 28 49 119 368 1043 2625 8423 5818
2 5 11 24 91 224 565 1676 4493 9617 2862
1 1 3 9 60 139 417 1067 2628 8092 8948
0 0 3 12 27 64 159 421 1137 3057 14437
0 0 1 15 31 83 189 604 1306 3512 13320
1 3 3 16 48 84 354 905 2486 8123 5937
0 0 0 6 22 55 144 350 744 2296 14180
0 3 3 8 57 135 335 919 2465 6883 9867
2 1 18 24 65 173 969 2083 5369 9247 4438
1 4 12 42 69 218 697 1781 4571 9245 1886
0 0 7 15 37 126 346 845 1967 5790 11644
0 1 9 20 43 114 363 1062 2627 8167 8166
1 3 16 36 73 180 817 1844 4783 8667 2841
0 0 4 9 37 82 248 666 1640 4730 13336
0 1 6 15 32 153 470 1120 2639 7862 9611
0 3 12 18 45 146 526 1362 3376 9897 3730
0 3 6 23 58 143 417 1212 3029 9110 6470
0 8 11 29 72 224 1002 2265 5573 10381 2414
0 0 2 7 44 144 351 982 2252 6537 10468
0 4 7 15 46 111 424 1025 2653 8073 7632
1 6 10 20 96 215 553 1748 4347 10740 3143
0 4 8 30 76 214 564 1649 4092 11654 3458
2 3 6 27 90 222 606 1827 4538 10585 3541
0 3 8 18 55 113 336 986 2651 7924 7473
0 1 7 21 37 145 334 996 2527 7852 9758
0 0 1 3 11 53 151 385 806 2363 14058
0 3 3 22 61 132 350 902 2353 6756 9884
0 1 2 6 12 63 172 448 1082 3166 14844
0 0 4 11 53 128 337 885 2125 6315 10707
0 0 1 9 40 90 213 634 1339 3769 14115
0 3 7 22 79 230 568 1549 3997 11518 3748
1 2 7 12 34 99 482 1160 2978 9380 6192
0 0 4 5 27 81 167 457 1060 3141 14811
1 1 7 22 49 167 618 1530 3574 10633 4952
1 7 15 32 82 216 693 1806 4779 8280 2807
1 4 9 29 67 183 598 1536 4003 9685 3845
0 2 4 15 47 135 410 1104 2646 7782 9923
0 1 4 6 28 48 145 446 1086 2963 15040
1 3 9 17 62 156 484 1331 3316 9935 4914
0 0 1 10 30 91 189 601 1350 3927 13352
0 2 9 20 54 127 421 1090 2856 8664 7368
0 1 3 5 17 76 141 403 1017 2798 14109
0 2 3 25 53 150 452 1092 2778 8173 7117
0 1 1 4 23 53 156 354 837 2401 15284
0 0 4 9 26 87 215 539 1344 3994 12607
1 0 9 19 50 125 462 1294 3093 9654 5771
0 1 10 25 54 165 443 1256 3262 9864 6867
0 1 0 4 10 46 114 292 671 1981 15286
