1.848200000000000000e+04
1.827000000000000000e+04
2.005100000000000000e+04
2.028800000000000000e+04
2.124500000000000000e+04
1.952500000000000000e+04
1.813200000000000000e+04
2.157400000000000000e+04
2.030300000000000000e+04
2.018700000000000000e+04
2.119900000000000000e+04
2.005600000000000000e+04
2.166800000000000000e+04
2.190100000000000000e+04
2.077500000000000000e+04
2.025700000000000000e+04
1.995100000000000000e+04
2.100600000000000000e+04
2.099900000000000000e+04
2.154100000000000000e+04
2.002100000000000000e+04
1.775700000000000000e+04
2.031900000000000000e+04
1.968400000000000000e+04
1.994300000000000000e+04
1.915800000000000000e+04
1.857800000000000000e+04
1.924700000000000000e+04
1.820600000000000000e+04
1.912700000000000000e+04
1.959800000000000000e+04
2.042300000000000000e+04
2.088000000000000000e+04
1.962000000000000000e+04
2.039500000000000000e+04
2.238900000000000000e+04
2.149900000000000000e+04
1.793500000000000000e+04
2.323700000000000000e+04
2.096400000000000000e+04
2.142500000000000000e+04
2.019300000000000000e+04
1.816600000000000000e+04
1.821300000000000000e+04
1.952400000000000000e+04
2.287100000000000000e+04
1.999200000000000000e+04
2.205700000000000000e+04
1.802000000000000000e+04
2.116000000000000000e+04
1.991300000000000000e+04
1.886500000000000000e+04
1.922200000000000000e+04
1.933800000000000000e+04
1.966100000000000000e+04
2.039400000000000000e+04
1.979000000000000000e+04
2.136000000000000000e+04
2.147600000000000000e+04
1.944700000000000000e+04
2.143300000000000000e+04
2.035300000000000000e+04
1.968800000000000000e+04
1.847900000000000000e+04
1.932000000000000000e+04
2.286700000000000000e+04
2.244500000000000000e+04
1.883200000000000000e+04
1.825100000000000000e+04
2.179200000000000000e+04
2.215600000000000000e+04
2.040300000000000000e+04
2.181100000000000000e+04
1.929800000000000000e+04
2.142600000000000000e+04
1.879000000000000000e+04
1.884900000000000000e+04
1.811300000000000000e+04
1.930700000000000000e+04
2.177100000000000000e+04
2.083600000000000000e+04
1.941300000000000000e+04
1.886000000000000000e+04
2.158300000000000000e+04
1.812600000000000000e+04
2.110600000000000000e+04
1.983800000000000000e+04
2.016700000000000000e+04
2.222500000000000000e+04
2.068100000000000000e+04
1.904000000000000000e+04
2.227400000000000000e+04
1.914400000000000000e+04
2.078400000000000000e+04
2.009900000000000000e+04
2.051300000000000000e+04
2.091700000000000000e+04
2.311000000000000000e+04
2.114600000000000000e+04
1.971300000000000000e+04
2.263400000000000000e+04
2.103300000000000000e+04
1.938600000000000000e+04
2.018900000000000000e+04
2.094500000000000000e+04
2.192300000000000000e+04
2.132600000000000000e+04
2.111100000000000000e+04
2.198600000000000000e+04
2.304600000000000000e+04
1.965400000000000000e+04
2.060900000000000000e+04
2.310600000000000000e+04
2.089200000000000000e+04
2.018500000000000000e+04
1.951500000000000000e+04
1.959100000000000000e+04
2.210900000000000000e+04
1.998500000000000000e+04
2.222600000000000000e+04
2.319700000000000000e+04
2.049100000000000000e+04
2.194900000000000000e+04
2.283500000000000000e+04
2.086800000000000000e+04
2.277100000000000000e+04
2.162500000000000000e+04
1.885500000000000000e+04
1.959400000000000000e+04
2.059900000000000000e+04
1.846600000000000000e+04
2.284600000000000000e+04
1.994800000000000000e+04
1.814500000000000000e+04
1.965400000000000000e+04
1.864600000000000000e+04
1.994400000000000000e+04
2.118900000000000000e+04
2.053100000000000000e+04
2.112500000000000000e+04
2.004700000000000000e+04
2.009600000000000000e+04
1.769900000000000000e+04
2.119000000000000000e+04
2.127100000000000000e+04
1.911100000000000000e+04
1.969900000000000000e+04
2.106000000000000000e+04
1.906900000000000000e+04
1.847000000000000000e+04
2.208200000000000000e+04
1.950700000000000000e+04
1.942300000000000000e+04
2.078800000000000000e+04
2.099900000000000000e+04
2.080000000000000000e+04
2.068100000000000000e+04
1.989700000000000000e+04
1.874200000000000000e+04
2.097200000000000000e+04
1.947000000000000000e+04
1.691500000000000000e+04
2.335300000000000000e+04
1.936000000000000000e+04
2.090100000000000000e+04
2.196200000000000000e+04
2.001700000000000000e+04
2.027500000000000000e+04
1.958200000000000000e+04
2.027200000000000000e+04
2.165300000000000000e+04
2.141400000000000000e+04
1.972800000000000000e+04
2.192500000000000000e+04
2.207500000000000000e+04
2.176100000000000000e+04
1.842900000000000000e+04
2.090400000000000000e+04
1.866400000000000000e+04
1.782500000000000000e+04
1.812000000000000000e+04
2.057600000000000000e+04
2.206000000000000000e+04
2.093100000000000000e+04
1.759000000000000000e+04
2.200200000000000000e+04
2.105400000000000000e+04
1.840400000000000000e+04
2.240300000000000000e+04
2.298700000000000000e+04
1.874900000000000000e+04
1.867900000000000000e+04
2.001600000000000000e+04
2.172000000000000000e+04
1.862000000000000000e+04
2.348200000000000000e+04
2.222600000000000000e+04
1.937300000000000000e+04
1.936300000000000000e+04
1.973600000000000000e+04
1.922000000000000000e+04
2.025200000000000000e+04
1.924700000000000000e+04
1.960900000000000000e+04
2.003800000000000000e+04
1.977200000000000000e+04
2.096700000000000000e+04
2.172400000000000000e+04
2.242500000000000000e+04
2.096000000000000000e+04
2.097100000000000000e+04
2.372800000000000000e+04
1.998100000000000000e+04
1.933700000000000000e+04
1.885200000000000000e+04
1.712900000000000000e+04
1.893500000000000000e+04
2.146100000000000000e+04
2.324000000000000000e+04
1.739500000000000000e+04
1.989900000000000000e+04
2.029500000000000000e+04
1.796200000000000000e+04
2.222500000000000000e+04
1.851100000000000000e+04
2.139300000000000000e+04
1.994100000000000000e+04
2.115400000000000000e+04
2.136900000000000000e+04
1.907300000000000000e+04
1.778600000000000000e+04
2.085000000000000000e+04
2.153200000000000000e+04
2.139500000000000000e+04
1.717700000000000000e+04
2.177000000000000000e+04
2.009500000000000000e+04
1.974700000000000000e+04
1.831400000000000000e+04
2.230500000000000000e+04
2.017200000000000000e+04
1.807900000000000000e+04
2.141100000000000000e+04
1.461300000000000000e+04
1.990000000000000000e+04
2.283900000000000000e+04
2.095300000000000000e+04
1.975700000000000000e+04
2.085400000000000000e+04
2.269800000000000000e+04
1.946900000000000000e+04
2.032400000000000000e+04
1.941400000000000000e+04
2.275900000000000000e+04
2.134700000000000000e+04
2.009900000000000000e+04
2.258700000000000000e+04
1.997400000000000000e+04
2.126800000000000000e+04
2.033400000000000000e+04
2.067000000000000000e+04
2.169700000000000000e+04
2.155500000000000000e+04
2.253600000000000000e+04
2.298500000000000000e+04
1.961800000000000000e+04
2.062900000000000000e+04
1.761600000000000000e+04
2.209600000000000000e+04
1.944600000000000000e+04
1.886200000000000000e+04
2.039400000000000000e+04
2.225800000000000000e+04
1.855000000000000000e+04
2.239000000000000000e+04
2.131200000000000000e+04
1.878500000000000000e+04
2.222900000000000000e+04
1.801300000000000000e+04
2.335700000000000000e+04
1.929500000000000000e+04
2.147800000000000000e+04
2.029500000000000000e+04
1.897200000000000000e+04
2.185800000000000000e+04
2.284400000000000000e+04
1.892200000000000000e+04
2.195700000000000000e+04
2.009200000000000000e+04
1.967200000000000000e+04
1.976400000000000000e+04
1.889600000000000000e+04
1.943000000000000000e+04
2.119900000000000000e+04
2.224600000000000000e+04
1.970400000000000000e+04
1.950200000000000000e+04
2.047200000000000000e+04
2.144800000000000000e+04
2.137600000000000000e+04
1.980100000000000000e+04
2.072700000000000000e+04
2.163000000000000000e+04
1.996500000000000000e+04
2.037900000000000000e+04
1.986600000000000000e+04
2.016700000000000000e+04
2.167500000000000000e+04
1.999500000000000000e+04
2.075100000000000000e+04
2.090000000000000000e+04
1.697200000000000000e+04
1.991800000000000000e+04
1.797800000000000000e+04
2.003100000000000000e+04
2.053600000000000000e+04
1.940100000000000000e+04
1.788400000000000000e+04
1.908200000000000000e+04
2.336600000000000000e+04
2.115400000000000000e+04
2.022100000000000000e+04
1.715700000000000000e+04
1.866800000000000000e+04
1.805500000000000000e+04
1.729100000000000000e+04
1.988300000000000000e+04
1.953300000000000000e+04
1.941100000000000000e+04
2.111700000000000000e+04
1.992300000000000000e+04
2.258500000000000000e+04
2.051200000000000000e+04
1.871500000000000000e+04
2.068300000000000000e+04
2.140000000000000000e+04
2.073100000000000000e+04
1.953700000000000000e+04
2.064000000000000000e+04
1.909600000000000000e+04
1.995800000000000000e+04
2.101600000000000000e+04
1.790700000000000000e+04
1.999600000000000000e+04
1.961300000000000000e+04
2.262200000000000000e+04
2.267200000000000000e+04
2.005200000000000000e+04
1.939200000000000000e+04
2.303400000000000000e+04
1.885500000000000000e+04
2.021400000000000000e+04
1.959400000000000000e+04
2.021200000000000000e+04
1.993600000000000000e+04
1.875600000000000000e+04
1.863100000000000000e+04
2.066700000000000000e+04
1.957000000000000000e+04
1.948100000000000000e+04
1.922800000000000000e+04
2.074600000000000000e+04
2.097500000000000000e+04
2.233200000000000000e+04
2.347100000000000000e+04
2.092600000000000000e+04
2.210400000000000000e+04
2.184100000000000000e+04
2.032300000000000000e+04
1.931500000000000000e+04
1.838000000000000000e+04
2.044300000000000000e+04
1.763900000000000000e+04
1.955600000000000000e+04
2.046000000000000000e+04
1.858900000000000000e+04
1.952200000000000000e+04
1.928000000000000000e+04
1.826600000000000000e+04
2.153800000000000000e+04
2.020500000000000000e+04
2.218700000000000000e+04
2.215100000000000000e+04
1.861000000000000000e+04
2.172600000000000000e+04
1.987000000000000000e+04
2.115200000000000000e+04
1.917800000000000000e+04
1.954900000000000000e+04
1.979400000000000000e+04
1.978100000000000000e+04
1.964900000000000000e+04
2.208800000000000000e+04
2.067600000000000000e+04
2.079000000000000000e+04
2.504700000000000000e+04
1.944700000000000000e+04
1.818200000000000000e+04
2.018100000000000000e+04
2.058600000000000000e+04
1.917400000000000000e+04
2.135200000000000000e+04
2.033400000000000000e+04
2.060200000000000000e+04
2.184700000000000000e+04
2.213300000000000000e+04
2.025900000000000000e+04
1.982900000000000000e+04
1.623900000000000000e+04
2.144100000000000000e+04
2.014200000000000000e+04
2.019500000000000000e+04
1.827900000000000000e+04
2.127100000000000000e+04
2.156000000000000000e+04
2.115500000000000000e+04
2.183700000000000000e+04
2.163600000000000000e+04
1.746000000000000000e+04
1.997600000000000000e+04
2.015400000000000000e+04
1.974700000000000000e+04
1.935500000000000000e+04
2.063600000000000000e+04
1.564400000000000000e+04
1.977800000000000000e+04
2.274700000000000000e+04
1.905700000000000000e+04
2.249200000000000000e+04
2.119300000000000000e+04
2.084600000000000000e+04
1.875700000000000000e+04
2.335000000000000000e+04
1.980400000000000000e+04
1.980200000000000000e+04
2.097700000000000000e+04
2.014600000000000000e+04
2.161200000000000000e+04
2.212200000000000000e+04
2.195100000000000000e+04
1.864300000000000000e+04
1.969700000000000000e+04
1.993200000000000000e+04
2.100100000000000000e+04
1.976200000000000000e+04
2.150500000000000000e+04
1.965100000000000000e+04
2.109200000000000000e+04
2.094500000000000000e+04
2.149100000000000000e+04
2.183300000000000000e+04
2.073600000000000000e+04
2.018200000000000000e+04
2.158500000000000000e+04
1.784300000000000000e+04
1.801400000000000000e+04
1.851500000000000000e+04
2.149800000000000000e+04
2.074000000000000000e+04
2.039800000000000000e+04
1.897000000000000000e+04
2.199300000000000000e+04
2.026300000000000000e+04
2.261800000000000000e+04
2.099700000000000000e+04
2.103100000000000000e+04
1.979300000000000000e+04
2.045100000000000000e+04
2.198600000000000000e+04
2.485300000000000000e+04
1.983600000000000000e+04
2.051300000000000000e+04
1.875300000000000000e+04
2.140000000000000000e+04
2.161400000000000000e+04
2.204100000000000000e+04
2.180600000000000000e+04
2.011100000000000000e+04
2.232400000000000000e+04
1.889900000000000000e+04
1.922800000000000000e+04
2.066300000000000000e+04
2.181300000000000000e+04
1.932100000000000000e+04
2.032300000000000000e+04
1.982700000000000000e+04
2.143400000000000000e+04
1.829400000000000000e+04
1.970100000000000000e+04
1.946400000000000000e+04
1.994000000000000000e+04
2.029900000000000000e+04
1.774100000000000000e+04
2.427700000000000000e+04
2.220000000000000000e+04
2.038400000000000000e+04
2.101800000000000000e+04
2.008300000000000000e+04
2.110500000000000000e+04
2.171600000000000000e+04
1.854200000000000000e+04
2.241400000000000000e+04
2.240300000000000000e+04
2.416000000000000000e+04
2.017700000000000000e+04
1.986700000000000000e+04
1.954500000000000000e+04
1.962400000000000000e+04
1.971400000000000000e+04
2.199000000000000000e+04
2.087300000000000000e+04
2.005700000000000000e+04
2.086400000000000000e+04
2.216700000000000000e+04
1.991600000000000000e+04
1.707800000000000000e+04
1.987600000000000000e+04
2.321200000000000000e+04
2.260000000000000000e+04
2.097200000000000000e+04
2.041600000000000000e+04
1.900100000000000000e+04
1.670200000000000000e+04
1.951000000000000000e+04
2.146800000000000000e+04
2.118000000000000000e+04
2.137200000000000000e+04
1.878400000000000000e+04
1.962700000000000000e+04
2.036800000000000000e+04
2.044600000000000000e+04
2.003500000000000000e+04
2.003400000000000000e+04
2.123800000000000000e+04
2.090700000000000000e+04
2.148800000000000000e+04
1.966800000000000000e+04
1.983200000000000000e+04
2.117000000000000000e+04
2.215300000000000000e+04
1.912500000000000000e+04
2.089300000000000000e+04
1.997700000000000000e+04
2.459500000000000000e+04
2.315600000000000000e+04
1.862900000000000000e+04
1.881700000000000000e+04
1.895600000000000000e+04
1.971500000000000000e+04
2.079000000000000000e+04
1.910500000000000000e+04
2.235300000000000000e+04
2.017500000000000000e+04
1.946500000000000000e+04
1.924800000000000000e+04
2.126800000000000000e+04
2.167000000000000000e+04
2.015600000000000000e+04
1.824600000000000000e+04
2.151100000000000000e+04
2.100200000000000000e+04
2.001400000000000000e+04
1.941600000000000000e+04
1.938600000000000000e+04
2.149900000000000000e+04
1.968400000000000000e+04
2.135200000000000000e+04
2.066800000000000000e+04
2.094000000000000000e+04
1.963500000000000000e+04
2.081900000000000000e+04
2.232100000000000000e+04
1.997800000000000000e+04
1.869600000000000000e+04
2.067300000000000000e+04
1.878400000000000000e+04
1.972000000000000000e+04
1.982600000000000000e+04
2.002800000000000000e+04
1.937400000000000000e+04
2.204100000000000000e+04
1.928500000000000000e+04
2.055300000000000000e+04
2.025500000000000000e+04
1.877200000000000000e+04
2.259100000000000000e+04
1.807500000000000000e+04
2.144800000000000000e+04
2.270800000000000000e+04
2.256700000000000000e+04
2.005200000000000000e+04
2.350000000000000000e+04
2.000000000000000000e+04
2.205000000000000000e+04
2.103500000000000000e+04
2.130000000000000000e+04
1.988900000000000000e+04
2.114500000000000000e+04
1.993600000000000000e+04
1.857700000000000000e+04
2.154100000000000000e+04
2.292200000000000000e+04
1.928400000000000000e+04
1.974200000000000000e+04
1.782300000000000000e+04
1.769200000000000000e+04
1.866400000000000000e+04
1.919700000000000000e+04
2.064200000000000000e+04
2.067700000000000000e+04
2.091100000000000000e+04
1.915900000000000000e+04
1.949100000000000000e+04
2.006600000000000000e+04
2.205700000000000000e+04
1.866100000000000000e+04
1.882600000000000000e+04
1.931700000000000000e+04
2.073600000000000000e+04
2.053400000000000000e+04
1.919700000000000000e+04
2.167800000000000000e+04
1.870300000000000000e+04
2.065800000000000000e+04
1.932100000000000000e+04
1.941900000000000000e+04
2.055200000000000000e+04
2.037700000000000000e+04
1.867600000000000000e+04
1.953600000000000000e+04
1.942800000000000000e+04
2.081000000000000000e+04
2.268400000000000000e+04
2.061200000000000000e+04
2.049500000000000000e+04
1.712400000000000000e+04
1.896100000000000000e+04
1.883500000000000000e+04
2.158500000000000000e+04
2.177900000000000000e+04
2.011000000000000000e+04
2.151000000000000000e+04
2.084600000000000000e+04
1.862600000000000000e+04
2.013600000000000000e+04
2.003700000000000000e+04
1.952800000000000000e+04
1.917500000000000000e+04
1.910100000000000000e+04
2.219000000000000000e+04
2.071400000000000000e+04
1.914900000000000000e+04
2.090700000000000000e+04
1.906700000000000000e+04
1.968700000000000000e+04
2.072000000000000000e+04
2.012900000000000000e+04
2.097400000000000000e+04
1.998700000000000000e+04
1.779400000000000000e+04
1.923500000000000000e+04
2.157900000000000000e+04
1.964800000000000000e+04
2.076900000000000000e+04
2.059700000000000000e+04
1.763400000000000000e+04
1.549000000000000000e+04
1.846400000000000000e+04
2.077900000000000000e+04
2.237800000000000000e+04
2.117900000000000000e+04
2.004200000000000000e+04
1.936200000000000000e+04
1.794100000000000000e+04
1.965900000000000000e+04
2.149800000000000000e+04
2.057100000000000000e+04
2.063500000000000000e+04
1.789000000000000000e+04
2.026300000000000000e+04
1.720400000000000000e+04
2.198500000000000000e+04
2.032800000000000000e+04
2.154800000000000000e+04
1.837400000000000000e+04
1.985000000000000000e+04
1.792200000000000000e+04
2.032700000000000000e+04
1.996000000000000000e+04
2.214700000000000000e+04
1.854800000000000000e+04
2.214500000000000000e+04
1.799000000000000000e+04
2.122400000000000000e+04
1.913600000000000000e+04
2.065800000000000000e+04
2.064000000000000000e+04
2.107800000000000000e+04
2.050700000000000000e+04
1.961500000000000000e+04
2.113600000000000000e+04
1.991700000000000000e+04
1.870000000000000000e+04
2.049700000000000000e+04
1.919000000000000000e+04
1.926100000000000000e+04
2.093100000000000000e+04
2.053500000000000000e+04
2.159200000000000000e+04
2.244000000000000000e+04
2.174200000000000000e+04
2.066900000000000000e+04
2.012200000000000000e+04
2.234900000000000000e+04
1.978600000000000000e+04
1.816400000000000000e+04
2.250000000000000000e+04
2.035400000000000000e+04
1.990200000000000000e+04
1.891200000000000000e+04
2.388100000000000000e+04
1.844200000000000000e+04
1.796100000000000000e+04
1.968900000000000000e+04
1.991000000000000000e+04
2.167600000000000000e+04
2.108000000000000000e+04
2.131900000000000000e+04
1.975800000000000000e+04
2.088900000000000000e+04
2.128400000000000000e+04
2.491600000000000000e+04
2.241000000000000000e+04
2.099500000000000000e+04
1.954700000000000000e+04
2.003500000000000000e+04
2.181500000000000000e+04
2.033000000000000000e+04
2.052600000000000000e+04
2.019500000000000000e+04
1.961700000000000000e+04
1.698200000000000000e+04
2.037800000000000000e+04
1.937600000000000000e+04
2.067100000000000000e+04
2.087600000000000000e+04
1.988200000000000000e+04
1.904600000000000000e+04
2.177300000000000000e+04
2.040400000000000000e+04
1.964000000000000000e+04
1.916200000000000000e+04
2.134600000000000000e+04
1.800000000000000000e+04
1.996800000000000000e+04
1.955500000000000000e+04
2.098300000000000000e+04
1.857900000000000000e+04
1.815300000000000000e+04
2.032600000000000000e+04
2.121800000000000000e+04
2.002800000000000000e+04
1.999900000000000000e+04
1.966600000000000000e+04
1.842700000000000000e+04
2.052500000000000000e+04
1.837300000000000000e+04
2.058400000000000000e+04
1.966500000000000000e+04
1.937300000000000000e+04
2.147900000000000000e+04
1.986700000000000000e+04
2.296000000000000000e+04
2.200400000000000000e+04
1.855300000000000000e+04
1.972200000000000000e+04
1.999000000000000000e+04
2.376100000000000000e+04
1.717000000000000000e+04
2.130600000000000000e+04
1.939800000000000000e+04
1.958600000000000000e+04
1.663100000000000000e+04
2.363800000000000000e+04
1.982600000000000000e+04
2.110900000000000000e+04
2.077800000000000000e+04
1.809900000000000000e+04
1.889000000000000000e+04
2.069800000000000000e+04
2.021600000000000000e+04
2.087900000000000000e+04
2.001000000000000000e+04
2.188000000000000000e+04
2.240900000000000000e+04
1.859100000000000000e+04
1.972900000000000000e+04
2.056900000000000000e+04
2.027000000000000000e+04
2.123100000000000000e+04
2.056100000000000000e+04
1.717100000000000000e+04
1.970900000000000000e+04
1.861700000000000000e+04
2.117900000000000000e+04
1.987900000000000000e+04
2.233700000000000000e+04
2.047400000000000000e+04
2.065200000000000000e+04
2.059000000000000000e+04
1.806000000000000000e+04
1.870200000000000000e+04
1.925900000000000000e+04
2.038000000000000000e+04
1.945800000000000000e+04
2.030200000000000000e+04
1.962500000000000000e+04
2.300200000000000000e+04
1.958900000000000000e+04
2.170500000000000000e+04
2.004800000000000000e+04
2.331100000000000000e+04
2.016200000000000000e+04
2.062000000000000000e+04
1.981700000000000000e+04
1.999200000000000000e+04
2.160800000000000000e+04
1.868700000000000000e+04
2.174400000000000000e+04
2.002100000000000000e+04
2.027600000000000000e+04
2.107800000000000000e+04
2.045000000000000000e+04
1.999200000000000000e+04
2.017100000000000000e+04
1.936400000000000000e+04
2.179600000000000000e+04
2.073100000000000000e+04
1.964900000000000000e+04
2.099800000000000000e+04
1.996700000000000000e+04
2.319800000000000000e+04
1.858000000000000000e+04
2.202100000000000000e+04
1.993100000000000000e+04
2.075700000000000000e+04
2.122400000000000000e+04
2.107500000000000000e+04
2.175500000000000000e+04
1.908300000000000000e+04
2.251400000000000000e+04
2.016900000000000000e+04
2.188300000000000000e+04
1.846400000000000000e+04
1.960000000000000000e+04
1.919600000000000000e+04
1.973300000000000000e+04
2.159600000000000000e+04
1.856400000000000000e+04
2.252000000000000000e+04
2.180200000000000000e+04
2.257100000000000000e+04
2.037400000000000000e+04
2.033400000000000000e+04
2.081000000000000000e+04
1.991400000000000000e+04
2.056900000000000000e+04
2.066500000000000000e+04
2.034700000000000000e+04
2.077500000000000000e+04
2.055900000000000000e+04
2.513500000000000000e+04
2.092100000000000000e+04
2.226900000000000000e+04
2.032200000000000000e+04
2.151600000000000000e+04
1.893200000000000000e+04
2.023500000000000000e+04
1.984400000000000000e+04
1.754300000000000000e+04
2.204800000000000000e+04
2.036900000000000000e+04
1.971800000000000000e+04
1.907400000000000000e+04
1.915900000000000000e+04
2.228500000000000000e+04
2.168400000000000000e+04
1.924900000000000000e+04
2.101400000000000000e+04
2.024000000000000000e+04
2.230600000000000000e+04
1.830300000000000000e+04
1.980000000000000000e+04
1.904200000000000000e+04
2.147000000000000000e+04
2.112700000000000000e+04
1.717700000000000000e+04
1.976100000000000000e+04
1.803500000000000000e+04
1.962100000000000000e+04
1.896000000000000000e+04
1.926800000000000000e+04
1.889200000000000000e+04
2.252200000000000000e+04
2.116300000000000000e+04
2.077900000000000000e+04
1.980800000000000000e+04
2.072700000000000000e+04
2.117900000000000000e+04
2.004900000000000000e+04
2.092200000000000000e+04
2.077600000000000000e+04
2.329000000000000000e+04
2.204700000000000000e+04
1.985000000000000000e+04
2.256600000000000000e+04
2.094600000000000000e+04
2.158800000000000000e+04
2.037900000000000000e+04
2.158700000000000000e+04
2.012200000000000000e+04
1.852300000000000000e+04
2.184000000000000000e+04
2.000800000000000000e+04
1.888000000000000000e+04
1.947500000000000000e+04
1.892400000000000000e+04
2.189400000000000000e+04
2.037300000000000000e+04
1.806300000000000000e+04
2.059200000000000000e+04
1.928100000000000000e+04
1.983300000000000000e+04
2.297700000000000000e+04
1.941800000000000000e+04
1.972100000000000000e+04
1.914600000000000000e+04
2.161700000000000000e+04
2.176500000000000000e+04
1.946900000000000000e+04
2.161000000000000000e+04
1.897400000000000000e+04
1.845700000000000000e+04
2.353100000000000000e+04
1.969700000000000000e+04
2.103600000000000000e+04
2.021300000000000000e+04
2.154000000000000000e+04
1.958800000000000000e+04
2.108200000000000000e+04
2.120900000000000000e+04
1.848500000000000000e+04
1.957000000000000000e+04
2.136500000000000000e+04
1.931700000000000000e+04
1.906100000000000000e+04
1.796000000000000000e+04
1.779700000000000000e+04
2.067500000000000000e+04
2.238900000000000000e+04
1.852600000000000000e+04
2.077700000000000000e+04
2.057200000000000000e+04
1.926100000000000000e+04
2.075200000000000000e+04
2.190900000000000000e+04
1.911500000000000000e+04
2.047100000000000000e+04
2.197900000000000000e+04
2.078700000000000000e+04
1.999000000000000000e+04
2.087900000000000000e+04
2.174900000000000000e+04
2.144700000000000000e+04
1.956700000000000000e+04
2.167800000000000000e+04
1.783100000000000000e+04
2.046600000000000000e+04
1.979600000000000000e+04
2.056500000000000000e+04
2.021000000000000000e+04
2.172100000000000000e+04
2.034700000000000000e+04
1.975300000000000000e+04
2.155400000000000000e+04
1.871800000000000000e+04
1.996000000000000000e+04
2.206800000000000000e+04
1.976700000000000000e+04
2.022800000000000000e+04
1.955100000000000000e+04
2.061100000000000000e+04
1.857000000000000000e+04
1.984500000000000000e+04
1.911400000000000000e+04
1.882500000000000000e+04
2.047800000000000000e+04
2.194700000000000000e+04
1.840500000000000000e+04
