6.865375041961669922e-01
7.047700285911560059e-01
6.282614469528198242e-01
7.308156490325927734e-01
7.254474163055419922e-01
6.788257360458374023e-01
6.035236716270446777e-01
4.579253792762756348e-01
5.736334919929504395e-01
8.668175935745239258e-01
7.035314440727233887e-01
5.972505211830139160e-01
5.463082194328308105e-01
4.516544640064239502e-01
5.755952000617980957e-01
4.914012849330902100e-01
5.542408823966979980e-01
5.543880462646484375e-01
4.642675817012786865e-01
5.687525868415832520e-01
4.584561884403228760e-01
5.254377126693725586e-01
4.237760007381439209e-01
8.636993169784545898e-01
5.592673420906066895e-01
5.666050314903259277e-01
6.588935852050781250e-01
5.847739577293395996e-01
6.814629435539245605e-01
7.045825719833374023e-01
7.924546003341674805e-01
5.039765238761901855e-01
5.664160251617431641e-01
6.845474243164062500e-01
8.237522840499877930e-01
7.161678671836853027e-01
5.739132165908813477e-01
5.175123810768127441e-01
5.823467373847961426e-01
5.525016188621520996e-01
8.137614130973815918e-01
6.250074505805969238e-01
7.327803969383239746e-01
7.958712577819824219e-01
8.367780447006225586e-01
4.599860906600952148e-01
6.129070520401000977e-01
6.053024530410766602e-01
5.017491579055786133e-01
7.991781234741210938e-01
4.997425079345703125e-01
4.943637251853942871e-01
4.635363817214965820e-01
6.772426962852478027e-01
6.788695454597473145e-01
5.205795168876647949e-01
7.630357742309570312e-01
7.029381394386291504e-01
6.824960708618164062e-01
5.228789448738098145e-01
6.662639379501342773e-01
6.843138337135314941e-01
6.083070039749145508e-01
6.599367856979370117e-01
5.962056517601013184e-01
5.910525321960449219e-01
5.346634387969970703e-01
5.379989743232727051e-01
6.974689364433288574e-01
6.692312955856323242e-01
6.486678123474121094e-01
6.048755049705505371e-01
8.385915756225585938e-01
4.569973349571228027e-01
4.143137931823730469e-01
5.620481371879577637e-01
6.234754920005798340e-01
7.777519226074218750e-01
5.117419958114624023e-01
6.110271811485290527e-01
8.420588374137878418e-01
6.210043430328369141e-01
7.690143585205078125e-01
4.979374110698699951e-01
6.160086393356323242e-01
5.377508997917175293e-01
6.291557550430297852e-01
5.005888342857360840e-01
7.354962825775146484e-01
4.333764612674713135e-01
5.959337949752807617e-01
6.908816695213317871e-01
7.841569185256958008e-01
7.724918723106384277e-01
4.259334504604339600e-01
5.304153561592102051e-01
5.263801813125610352e-01
5.359783172607421875e-01
7.110462784767150879e-01
6.039601564407348633e-01
7.250038385391235352e-01
5.566107034683227539e-01
4.816976785659790039e-01
5.712025165557861328e-01
5.212630033493041992e-01
4.624401926994323730e-01
5.946218371391296387e-01
6.626504659652709961e-01
6.376014947891235352e-01
4.938617050647735596e-01
6.767835021018981934e-01
4.583009183406829834e-01
2.986106872558593750e-01
6.717483997344970703e-01
6.635656952857971191e-01
4.980294108390808105e-01
7.931011915206909180e-01
5.602836608886718750e-01
5.720676779747009277e-01
4.540930688381195068e-01
8.328735828399658203e-01
4.801619350910186768e-01
7.371417284011840820e-01
7.286179661750793457e-01
6.975254416465759277e-01
6.242933869361877441e-01
5.023028254508972168e-01
4.910469651222229004e-01
4.489693939685821533e-01
5.750811100006103516e-01
5.648970603942871094e-01
5.001046657562255859e-01
5.346916913986206055e-01
4.628493785858154297e-01
6.321573257446289062e-01
4.849434196949005127e-01
4.155736565589904785e-01
5.011643171310424805e-01
5.257893800735473633e-01
5.719430446624755859e-01
5.506290793418884277e-01
6.065312027931213379e-01
8.557219505310058594e-01
6.637697815895080566e-01
5.721464753150939941e-01
6.147048473358154297e-01
7.201567292213439941e-01
5.564357042312622070e-01
7.195616364479064941e-01
3.603827655315399170e-01
5.876736044883728027e-01
6.075749993324279785e-01
5.654698014259338379e-01
6.008191704750061035e-01
6.884075999259948730e-01
5.124131441116333008e-01
4.238247275352478027e-01
5.481895804405212402e-01
5.713685154914855957e-01
6.370533108711242676e-01
7.945109605789184570e-01
5.874711871147155762e-01
5.701984167098999023e-01
4.230491220951080322e-01
4.784327149391174316e-01
6.475244164466857910e-01
5.723710060119628906e-01
4.806051254272460938e-01
8.196598887443542480e-01
4.743633866310119629e-01
5.966802239418029785e-01
5.180927515029907227e-01
5.088574290275573730e-01
5.746203064918518066e-01
6.598255634307861328e-01
4.426797032356262207e-01
4.241826832294464111e-01
4.991484284400939941e-01
6.765958666801452637e-01
5.734404921531677246e-01
4.748912453651428223e-01
7.276053428649902344e-01
6.542631387710571289e-01
4.772524535655975342e-01
5.847699046134948730e-01
6.895996332168579102e-01
6.391069293022155762e-01
7.817698717117309570e-01
4.872469902038574219e-01
6.553976535797119141e-01
5.337066650390625000e-01
4.868095815181732178e-01
7.480843067169189453e-01
5.637072920799255371e-01
6.090776324272155762e-01
3.612286150455474854e-01
5.514111518859863281e-01
5.353597402572631836e-01
5.978730916976928711e-01
8.101398944854736328e-01
5.209749937057495117e-01
6.040610671043395996e-01
6.142884492874145508e-01
6.803427934646606445e-01
8.103357553482055664e-01
5.503459572792053223e-01
7.980728745460510254e-01
8.058353662490844727e-01
6.622806787490844727e-01
7.564067840576171875e-01
5.513323545455932617e-01
7.714033126831054688e-01
6.077352762222290039e-01
6.666461825370788574e-01
5.992677211761474609e-01
7.157559990882873535e-01
7.928622961044311523e-01
6.075220704078674316e-01
5.847418308258056641e-01
5.333280563354492188e-01
5.130142569541931152e-01
4.826105833053588867e-01
4.769214391708374023e-01
4.198747575283050537e-01
5.784454941749572754e-01
5.213839411735534668e-01
5.570448637008666992e-01
8.967661857604980469e-01
7.471348047256469727e-01
5.284958481788635254e-01
6.883966326713562012e-01
5.899120569229125977e-01
5.411560535430908203e-01
6.940639019012451172e-01
3.955953717231750488e-01
5.977355241775512695e-01
5.381977558135986328e-01
5.410220026969909668e-01
6.094897389411926270e-01
5.812577605247497559e-01
5.175783038139343262e-01
6.158853173255920410e-01
8.016136288642883301e-01
5.965522527694702148e-01
7.489920258522033691e-01
5.705913901329040527e-01
4.158689975738525391e-01
5.629528760910034180e-01
4.885946810245513916e-01
5.505719780921936035e-01
6.356608271598815918e-01
5.690252184867858887e-01
6.998015046119689941e-01
5.899831652641296387e-01
6.263496279716491699e-01
6.161299347877502441e-01
7.433065176010131836e-01
7.029377818107604980e-01
5.005468726158142090e-01
5.762570500373840332e-01
6.284386515617370605e-01
6.318088173866271973e-01
6.847307085990905762e-01
6.732885837554931641e-01
4.959265887737274170e-01
7.115018367767333984e-01
6.557957530021667480e-01
5.870437622070312500e-01
5.682415366172790527e-01
5.410025119781494141e-01
7.365028858184814453e-01
5.709468126296997070e-01
5.506074428558349609e-01
6.592324376106262207e-01
4.995995759963989258e-01
6.753103137016296387e-01
5.048362612724304199e-01
5.826682448387145996e-01
4.847342073917388916e-01
5.359159111976623535e-01
6.328354477882385254e-01
5.679561495780944824e-01
4.484353959560394287e-01
5.181420445442199707e-01
6.719493865966796875e-01
5.359852910041809082e-01
6.098997592926025391e-01
5.487626791000366211e-01
4.364510476589202881e-01
5.944227576255798340e-01
7.802614569664001465e-01
7.380329370498657227e-01
5.307703614234924316e-01
5.724585652351379395e-01
7.337379455566406250e-01
6.887879967689514160e-01
5.522609949111938477e-01
7.081115245819091797e-01
5.186201333999633789e-01
6.139974594116210938e-01
7.813245654106140137e-01
4.375207424163818359e-01
8.095041513442993164e-01
7.701020836830139160e-01
6.598041653633117676e-01
5.400736331939697266e-01
8.163179755210876465e-01
5.630916953086853027e-01
4.150436818599700928e-01
5.042110681533813477e-01
8.790866732597351074e-01
5.554261803627014160e-01
5.506657958030700684e-01
4.956412017345428467e-01
4.866929650306701660e-01
5.332196950912475586e-01
5.120861530303955078e-01
5.125313401222229004e-01
6.097270846366882324e-01
4.401335120201110840e-01
5.736685395240783691e-01
7.171539664268493652e-01
4.790025353431701660e-01
5.460003614425659180e-01
6.079753637313842773e-01
6.155562400817871094e-01
6.265574097633361816e-01
4.705063104629516602e-01
5.510569810867309570e-01
5.363456010818481445e-01
5.184713602066040039e-01
4.836350381374359131e-01
6.101149320602416992e-01
6.610432267189025879e-01
5.863800048828125000e-01
5.510503649711608887e-01
5.464140772819519043e-01
4.867928624153137207e-01
7.051281332969665527e-01
6.061406731605529785e-01
5.920125842094421387e-01
7.043253183364868164e-01
7.159278988838195801e-01
4.578756690025329590e-01
5.580826401710510254e-01
6.674141287803649902e-01
5.940531492233276367e-01
4.789235293865203857e-01
6.746098995208740234e-01
5.809333920478820801e-01
5.056361556053161621e-01
4.786252975463867188e-01
5.952246189117431641e-01
7.769332528114318848e-01
6.402962207794189453e-01
4.635547101497650146e-01
8.134339451789855957e-01
7.180202603340148926e-01
5.828895568847656250e-01
4.648095965385437012e-01
8.489236831665039062e-01
4.486716389656066895e-01
4.975275695323944092e-01
5.772241950035095215e-01
5.225999355316162109e-01
6.141367554664611816e-01
5.624015927314758301e-01
5.966249704360961914e-01
5.638232231140136719e-01
7.927181124687194824e-01
5.194476246833801270e-01
5.405293703079223633e-01
5.544481277465820312e-01
6.494576930999755859e-01
5.505694150924682617e-01
4.205358326435089111e-01
6.044816374778747559e-01
6.423584222793579102e-01
7.907807826995849609e-01
6.169995069503784180e-01
5.088540911674499512e-01
4.619535505771636963e-01
5.172690153121948242e-01
5.490438938140869141e-01
6.070510149002075195e-01
6.921215653419494629e-01
5.844618082046508789e-01
4.288731515407562256e-01
5.647560954093933105e-01
7.652012705802917480e-01
7.084035873413085938e-01
7.591779232025146484e-01
5.613431334495544434e-01
6.586878895759582520e-01
5.387405753135681152e-01
6.032312512397766113e-01
6.711723804473876953e-01
6.009693145751953125e-01
6.539169549942016602e-01
6.158316731452941895e-01
7.917876243591308594e-01
6.860718727111816406e-01
5.644853711128234863e-01
6.028052568435668945e-01
5.634158849716186523e-01
4.677225947380065918e-01
5.044856071472167969e-01
4.762565195560455322e-01
6.130078434944152832e-01
6.676526069641113281e-01
4.943503141403198242e-01
6.124938726425170898e-01
7.307640910148620605e-01
4.154362678527832031e-01
5.673560500144958496e-01
6.105519533157348633e-01
6.048610210418701172e-01
5.994464159011840820e-01
8.042027354240417480e-01
6.048113703727722168e-01
5.960612893104553223e-01
6.445603370666503906e-01
7.601773142814636230e-01
4.842192828655242920e-01
8.022207617759704590e-01
5.079485774040222168e-01
5.782324075698852539e-01
6.016164422035217285e-01
3.727951049804687500e-01
5.806484222412109375e-01
6.125431656837463379e-01
8.580875992774963379e-01
5.721105933189392090e-01
5.892397165298461914e-01
7.683864831924438477e-01
8.284672498703002930e-01
4.956902861595153809e-01
6.310270428657531738e-01
7.485744357109069824e-01
5.891146659851074219e-01
5.877211093902587891e-01
5.282759070396423340e-01
5.074876546859741211e-01
7.675634622573852539e-01
3.028587102890014648e-01
6.993666887283325195e-01
5.580260157585144043e-01
6.090011596679687500e-01
4.728283584117889404e-01
4.933172762393951416e-01
5.546247959136962891e-01
5.585395097732543945e-01
7.727897167205810547e-01
4.588963985443115234e-01
6.694573163986206055e-01
5.661706924438476562e-01
5.103328227996826172e-01
6.789270043373107910e-01
6.719876527786254883e-01
5.748398303985595703e-01
4.535768032073974609e-01
7.108013629913330078e-01
6.462737917900085449e-01
5.137978792190551758e-01
4.212494194507598877e-01
4.245831668376922607e-01
4.078469872474670410e-01
5.207589864730834961e-01
3.704705536365509033e-01
4.784965515136718750e-01
5.792734622955322266e-01
6.202068328857421875e-01
8.023453950881958008e-01
5.460449457168579102e-01
6.767555475234985352e-01
6.046332716941833496e-01
5.609623789787292480e-01
5.431486964225769043e-01
7.723489999771118164e-01
5.335378646850585938e-01
7.349434494972229004e-01
6.059577465057373047e-01
4.592497646808624268e-01
4.768249392509460449e-01
5.114560127258300781e-01
5.397979021072387695e-01
5.822309851646423340e-01
6.982457041740417480e-01
4.507491588592529297e-01
5.743460059165954590e-01
7.035112977027893066e-01
7.169475555419921875e-01
6.173604130744934082e-01
5.997406244277954102e-01
5.100665688514709473e-01
5.175195932388305664e-01
5.404530167579650879e-01
5.625048875808715820e-01
6.779375672340393066e-01
5.276646018028259277e-01
5.909675955772399902e-01
5.548593997955322266e-01
5.561299324035644531e-01
5.467631220817565918e-01
6.345962882041931152e-01
5.621322989463806152e-01
7.500876188278198242e-01
4.863726794719696045e-01
5.673805475234985352e-01
6.173990368843078613e-01
5.608885884284973145e-01
6.253559589385986328e-01
6.872212290763854980e-01
5.993866920471191406e-01
4.512293338775634766e-01
5.679207444190979004e-01
6.024974584579467773e-01
5.908530950546264648e-01
6.587047576904296875e-01
6.673663258552551270e-01
6.618010401725769043e-01
5.074685215950012207e-01
6.961957812309265137e-01
6.128576397895812988e-01
6.076483726501464844e-01
4.097256958484649658e-01
6.109898686408996582e-01
7.722901701927185059e-01
7.525007724761962891e-01
5.215694904327392578e-01
6.974164843559265137e-01
6.694246530532836914e-01
6.401891112327575684e-01
5.978525280952453613e-01
4.169999957084655762e-01
6.817575097084045410e-01
5.690135359764099121e-01
8.003782033920288086e-01
4.623861312866210938e-01
7.573875188827514648e-01
8.222794532775878906e-01
7.227246761322021484e-01
6.019004583358764648e-01
7.124254703521728516e-01
5.578432679176330566e-01
7.042305469512939453e-01
3.999492228031158447e-01
4.296611249446868896e-01
5.462929010391235352e-01
4.685289859771728516e-01
6.219987273216247559e-01
5.298550724983215332e-01
6.913673877716064453e-01
6.268123984336853027e-01
5.617915391921997070e-01
5.105215311050415039e-01
5.816174745559692383e-01
4.627114534378051758e-01
6.852849721908569336e-01
5.892603397369384766e-01
5.968803763389587402e-01
5.472645759582519531e-01
7.093099355697631836e-01
5.670880079269409180e-01
6.381378769874572754e-01
7.738636732101440430e-01
4.991757273674011230e-01
8.253730535507202148e-01
6.870570778846740723e-01
5.793640017509460449e-01
5.703881978988647461e-01
4.756498634815216064e-01
5.254999399185180664e-01
7.045870423316955566e-01
6.345524787902832031e-01
5.395421385765075684e-01
5.492348074913024902e-01
8.350650072097778320e-01
7.963640689849853516e-01
8.055050969123840332e-01
5.268961787223815918e-01
8.051423430442810059e-01
4.056000113487243652e-01
7.035188674926757812e-01
6.863500475883483887e-01
4.693100154399871826e-01
7.424775958061218262e-01
7.382959723472595215e-01
7.141202688217163086e-01
7.262806892395019531e-01
6.186590194702148438e-01
6.545709967613220215e-01
6.190378665924072266e-01
5.668187737464904785e-01
4.910913109779357910e-01
4.926228821277618408e-01
6.272450685501098633e-01
6.699268221855163574e-01
8.444152474403381348e-01
8.428098559379577637e-01
6.687328815460205078e-01
5.887869000434875488e-01
7.793478965759277344e-01
5.120081901550292969e-01
6.738395094871520996e-01
5.843651890754699707e-01
4.345780909061431885e-01
5.299843549728393555e-01
6.895186305046081543e-01
5.658782124519348145e-01
8.114959597587585449e-01
7.788349986076354980e-01
4.440481662750244141e-01
8.329282402992248535e-01
4.218196570873260498e-01
4.704549610614776611e-01
5.177928805351257324e-01
5.059078931808471680e-01
5.171940326690673828e-01
5.204210281372070312e-01
4.429143965244293213e-01
7.089536190032958984e-01
4.597881436347961426e-01
6.918426752090454102e-01
6.762664318084716797e-01
5.655816197395324707e-01
6.059050559997558594e-01
4.800115823745727539e-01
4.640710651874542236e-01
5.122321248054504395e-01
5.478056669235229492e-01
5.724816918373107910e-01
6.190456151962280273e-01
6.935493350028991699e-01
7.730401158332824707e-01
5.015248060226440430e-01
6.636559367179870605e-01
6.309041976928710938e-01
4.709115922451019287e-01
5.824806690216064453e-01
6.252043247222900391e-01
7.416570186614990234e-01
4.735311269760131836e-01
6.044152975082397461e-01
5.295432209968566895e-01
8.157199025154113770e-01
5.351101160049438477e-01
5.198295116424560547e-01
6.092734932899475098e-01
5.841059684753417969e-01
6.199957132339477539e-01
4.617957174777984619e-01
7.975039482116699219e-01
5.547434091567993164e-01
4.741513133049011230e-01
8.592435717582702637e-01
8.378092646598815918e-01
5.519699454307556152e-01
4.892400801181793213e-01
6.576709747314453125e-01
6.693919301033020020e-01
5.130714774131774902e-01
7.762877345085144043e-01
4.428648054599761963e-01
5.782144069671630859e-01
5.861108303070068359e-01
5.228062272071838379e-01
4.352045953273773193e-01
5.084702372550964355e-01
4.495038092136383057e-01
3.889004588127136230e-01
4.620716869831085205e-01
8.027174472808837891e-01
6.829500794410705566e-01
6.074619889259338379e-01
5.234537124633789062e-01
5.287216305732727051e-01
4.777822196483612061e-01
8.492624163627624512e-01
4.209572076797485352e-01
4.635465145111083984e-01
5.674595236778259277e-01
5.540733337402343750e-01
4.736694395542144775e-01
7.279762625694274902e-01
6.747623682022094727e-01
7.447888255119323730e-01
6.032893061637878418e-01
6.787940859794616699e-01
5.051217079162597656e-01
4.140619337558746338e-01
5.394531488418579102e-01
6.929489374160766602e-01
4.895761013031005859e-01
5.825270414352416992e-01
4.478969871997833252e-01
5.288800597190856934e-01
4.208899140357971191e-01
6.981506347656250000e-01
7.649049758911132812e-01
5.117641091346740723e-01
6.812021136283874512e-01
5.375264883041381836e-01
6.451075673103332520e-01
5.796537399291992188e-01
4.462318122386932373e-01
4.028088450431823730e-01
7.850037813186645508e-01
5.816999077796936035e-01
7.312233448028564453e-01
6.230801343917846680e-01
5.092054605484008789e-01
6.780320405960083008e-01
5.781364440917968750e-01
6.499525308609008789e-01
6.118711233139038086e-01
5.350908637046813965e-01
7.473298907279968262e-01
4.313443899154663086e-01
4.538221955299377441e-01
4.324739277362823486e-01
6.797282099723815918e-01
7.742190361022949219e-01
4.676797091960906982e-01
7.254614233970642090e-01
5.833579897880554199e-01
7.652332186698913574e-01
5.812158584594726562e-01
6.361293196678161621e-01
5.426477193832397461e-01
6.183769702911376953e-01
6.364942789077758789e-01
4.727275967597961426e-01
5.492131710052490234e-01
7.593454122543334961e-01
7.988981604576110840e-01
6.478733420372009277e-01
6.884866356849670410e-01
7.288671731948852539e-01
6.977661848068237305e-01
6.058520674705505371e-01
5.718728303909301758e-01
6.277268528938293457e-01
5.375528931617736816e-01
4.529445767402648926e-01
5.472592711448669434e-01
5.054891109466552734e-01
6.691746711730957031e-01
5.726385116577148438e-01
6.382147669792175293e-01
6.199635267257690430e-01
6.622785329818725586e-01
4.926607012748718262e-01
5.491204261779785156e-01
6.625787019729614258e-01
4.932120144367218018e-01
7.523817420005798340e-01
6.468262076377868652e-01
5.654711127281188965e-01
6.015892624855041504e-01
7.453117966651916504e-01
6.312620639801025391e-01
6.811682581901550293e-01
4.536081850528717041e-01
4.849033653736114502e-01
7.277629375457763672e-01
4.592144787311553955e-01
7.290491461753845215e-01
7.683160305023193359e-01
6.799988746643066406e-01
5.746806263923645020e-01
7.573444247245788574e-01
5.885610580444335938e-01
4.086420238018035889e-01
7.944853901863098145e-01
5.074200630187988281e-01
8.132858872413635254e-01
6.669719219207763672e-01
4.964332878589630127e-01
5.673217773437500000e-01
5.851799845695495605e-01
5.050656795501708984e-01
4.995256364345550537e-01
7.270246744155883789e-01
7.247357964515686035e-01
5.678589940071105957e-01
6.919735670089721680e-01
5.814004540443420410e-01
4.906297326087951660e-01
5.490099787712097168e-01
6.883307695388793945e-01
