7.355329990386962891e-01
6.629731059074401855e-01
4.909967780113220215e-01
7.482352852821350098e-01
7.575721144676208496e-01
6.392367482185363770e-01
5.821812748908996582e-01
6.943593621253967285e-01
4.730716645717620850e-01
4.498603641986846924e-01
4.701291918754577637e-01
6.101931333541870117e-01
5.531399846076965332e-01
5.606480240821838379e-01
5.855901241302490234e-01
6.042516231536865234e-01
6.173524856567382812e-01
8.945471644401550293e-01
8.026705980300903320e-01
5.445394515991210938e-01
5.161326527595520020e-01
4.965548217296600342e-01
5.051473379135131836e-01
6.690535545349121094e-01
5.344558954238891602e-01
6.145271062850952148e-01
5.150221586227416992e-01
5.337470769882202148e-01
5.344448089599609375e-01
5.565099716186523438e-01
5.967082381248474121e-01
5.532798767089843750e-01
4.857522547245025635e-01
7.632544040679931641e-01
5.221149921417236328e-01
4.621954262256622314e-01
7.353372573852539062e-01
6.229154467582702637e-01
7.272741794586181641e-01
6.149047017097473145e-01
6.238853931427001953e-01
4.166155755519866943e-01
6.588775515556335449e-01
6.609742045402526855e-01
8.014239668846130371e-01
7.804704308509826660e-01
6.907057166099548340e-01
6.444985270500183105e-01
5.679309368133544922e-01
6.351020932197570801e-01
5.010612010955810547e-01
7.530698180198669434e-01
5.897774696350097656e-01
4.899855256080627441e-01
5.806172490119934082e-01
4.816531836986541748e-01
7.022698521614074707e-01
7.374047636985778809e-01
6.829248070716857910e-01
3.919601142406463623e-01
5.784984230995178223e-01
6.325163841247558594e-01
5.484853386878967285e-01
5.241277813911437988e-01
7.193298339843750000e-01
3.982333242893218994e-01
4.257662892341613770e-01
4.123470187187194824e-01
6.540420055389404297e-01
5.331935286521911621e-01
4.688119590282440186e-01
6.338127851486206055e-01
4.799656569957733154e-01
6.247808337211608887e-01
6.676617264747619629e-01
5.309792757034301758e-01
4.859538376331329346e-01
7.825465798377990723e-01
7.682105302810668945e-01
4.458929896354675293e-01
5.906870365142822266e-01
5.376232862472534180e-01
6.718904972076416016e-01
6.656010746955871582e-01
5.497943758964538574e-01
6.101253032684326172e-01
6.781641244888305664e-01
8.022159934043884277e-01
5.330674052238464355e-01
5.214985609054565430e-01
5.677087306976318359e-01
7.150334119796752930e-01
5.877821445465087891e-01
4.427265524864196777e-01
6.041520237922668457e-01
4.484679698944091797e-01
6.681804060935974121e-01
5.299087166786193848e-01
5.512376427650451660e-01
6.313382387161254883e-01
6.917981505393981934e-01
4.904395937919616699e-01
5.167819261550903320e-01
6.588625311851501465e-01
5.873450040817260742e-01
5.428894758224487305e-01
8.103076815605163574e-01
5.434568524360656738e-01
7.549758553504943848e-01
5.635116100311279297e-01
5.526967644691467285e-01
6.754496097564697266e-01
5.104418396949768066e-01
5.555377006530761719e-01
7.185159921646118164e-01
6.321389079093933105e-01
7.324076890945434570e-01
5.354854464530944824e-01
4.184829294681549072e-01
5.739147067070007324e-01
6.970033645629882812e-01
4.691936671733856201e-01
7.230529785156250000e-01
5.231646895408630371e-01
4.723026752471923828e-01
5.529811978340148926e-01
4.992782473564147949e-01
6.364831328392028809e-01
6.083238720893859863e-01
4.586812555789947510e-01
6.806910634040832520e-01
5.168871283531188965e-01
5.222499370574951172e-01
3.571009635925292969e-01
5.544325709342956543e-01
5.238639712333679199e-01
5.735064744949340820e-01
6.019766926765441895e-01
6.708977222442626953e-01
7.193024754524230957e-01
7.433359622955322266e-01
5.277547836303710938e-01
4.006877541542053223e-01
5.442076325416564941e-01
5.616749525070190430e-01
6.443764567375183105e-01
7.217354178428649902e-01
7.372257709503173828e-01
7.635133862495422363e-01
6.407677531242370605e-01
6.430005431175231934e-01
5.554270148277282715e-01
5.431406497955322266e-01
5.648588538169860840e-01
7.926534414291381836e-01
5.164893865585327148e-01
5.624052286148071289e-01
6.087148785591125488e-01
7.269623279571533203e-01
7.470130920410156250e-01
7.002004981040954590e-01
5.208107233047485352e-01
3.927588164806365967e-01
5.094983577728271484e-01
5.470420122146606445e-01
5.715571641921997070e-01
4.890280067920684814e-01
6.697774529457092285e-01
8.494850397109985352e-01
5.596296787261962891e-01
7.619955539703369141e-01
6.677118539810180664e-01
6.193864941596984863e-01
5.434545874595642090e-01
4.215525388717651367e-01
4.627106189727783203e-01
4.460368156433105469e-01
5.625927448272705078e-01
5.997297167778015137e-01
4.621624946594238281e-01
5.129345059394836426e-01
4.746233522891998291e-01
6.285316348075866699e-01
5.818149447441101074e-01
5.817477107048034668e-01
6.558626294136047363e-01
8.057463765144348145e-01
6.848602294921875000e-01
5.132633447647094727e-01
5.552136898040771484e-01
5.746732354164123535e-01
5.643910169601440430e-01
6.927210092544555664e-01
5.324063897132873535e-01
4.131447672843933105e-01
5.671271085739135742e-01
4.743256270885467529e-01
3.601292669773101807e-01
4.943717420101165771e-01
6.229297518730163574e-01
5.112272500991821289e-01
7.649973034858703613e-01
6.603674292564392090e-01
4.350621700286865234e-01
7.929800152778625488e-01
5.816056132316589355e-01
5.845759510993957520e-01
6.056860685348510742e-01
5.245155692100524902e-01
4.698709249496459961e-01
4.427874088287353516e-01
5.963645577430725098e-01
5.215576291084289551e-01
7.075278759002685547e-01
8.435192704200744629e-01
4.717851579189300537e-01
5.089480280876159668e-01
4.746446013450622559e-01
6.964263319969177246e-01
4.340597093105316162e-01
4.313302338123321533e-01
4.107980430126190186e-01
6.748975515365600586e-01
5.167660117149353027e-01
6.123816370964050293e-01
6.537152528762817383e-01
6.429815888404846191e-01
5.963787436485290527e-01
8.158005475997924805e-01
4.942808747291564941e-01
5.398724675178527832e-01
5.331774353981018066e-01
5.309265255928039551e-01
7.421792745590209961e-01
4.704878032207489014e-01
4.641986787319183350e-01
4.301701188087463379e-01
3.924617171287536621e-01
5.213822126388549805e-01
5.498977899551391602e-01
5.308123230934143066e-01
5.678580999374389648e-01
8.934013843536376953e-01
4.298826754093170166e-01
5.254938006401062012e-01
5.538423657417297363e-01
5.984880328178405762e-01
6.096143126487731934e-01
6.001716852188110352e-01
7.374050021171569824e-01
7.106134295463562012e-01
8.211197853088378906e-01
5.460051298141479492e-01
6.993876695632934570e-01
5.339409112930297852e-01
4.578538537025451660e-01
4.365242421627044678e-01
5.295345187187194824e-01
5.406501293182373047e-01
5.592765212059020996e-01
3.209960758686065674e-01
5.934574604034423828e-01
5.298877358436584473e-01
5.396028757095336914e-01
4.964175224304199219e-01
7.222754359245300293e-01
6.613205075263977051e-01
5.010165572166442871e-01
5.013354420661926270e-01
6.120151281356811523e-01
5.567052364349365234e-01
5.508534312248229980e-01
5.821823477745056152e-01
5.491989850997924805e-01
7.348843216896057129e-01
6.301270127296447754e-01
5.876525044441223145e-01
3.872640132904052734e-01
5.398911237716674805e-01
7.365768551826477051e-01
4.783226251602172852e-01
6.024346947669982910e-01
5.407060980796813965e-01
5.168368816375732422e-01
6.368660330772399902e-01
5.186737179756164551e-01
5.522924065589904785e-01
4.895874261856079102e-01
4.561557769775390625e-01
4.690841436386108398e-01
4.316513538360595703e-01
4.020855724811553955e-01
6.306972503662109375e-01
8.122873902320861816e-01
6.609922051429748535e-01
5.330245494842529297e-01
8.454298973083496094e-01
5.473148822784423828e-01
6.140542030334472656e-01
6.421118378639221191e-01
4.874616563320159912e-01
5.978333950042724609e-01
5.299780368804931641e-01
4.265304505825042725e-01
6.013797521591186523e-01
4.895209372043609619e-01
5.602946281433105469e-01
5.617281794548034668e-01
4.990517497062683105e-01
5.282200574874877930e-01
5.327697396278381348e-01
6.120620965957641602e-01
7.530570030212402344e-01
6.483197808265686035e-01
8.984701633453369141e-01
4.305398762226104736e-01
7.370884418487548828e-01
6.547511816024780273e-01
9.157191514968872070e-01
7.283167839050292969e-01
4.439604282379150391e-01
4.480560421943664551e-01
4.385159909725189209e-01
5.941970348358154297e-01
5.244659185409545898e-01
5.957407951354980469e-01
5.998257994651794434e-01
4.943755567073822021e-01
6.666370630264282227e-01
4.711236357688903809e-01
6.545234918594360352e-01
7.451135516166687012e-01
5.878583192825317383e-01
5.508410334587097168e-01
7.463331222534179688e-01
7.484983205795288086e-01
5.508840084075927734e-01
5.454714298248291016e-01
5.598164796829223633e-01
6.171755194664001465e-01
4.935292601585388184e-01
5.588914752006530762e-01
6.383742094039916992e-01
5.468820929527282715e-01
4.411163330078125000e-01
5.155860781669616699e-01
6.965906620025634766e-01
7.149914503097534180e-01
5.084556341171264648e-01
4.757796525955200195e-01
6.381586790084838867e-01
6.092789173126220703e-01
6.138452887535095215e-01
3.796057999134063721e-01
6.934869885444641113e-01
4.627180099487304688e-01
5.857632756233215332e-01
6.522196531295776367e-01
5.843571424484252930e-01
5.782266855239868164e-01
6.456286907196044922e-01
6.249117255210876465e-01
5.839534401893615723e-01
6.457754969596862793e-01
5.744878649711608887e-01
5.155661106109619141e-01
4.904436469078063965e-01
6.520159244537353516e-01
6.883629560470581055e-01
8.101551532745361328e-01
8.159828782081604004e-01
6.325020194053649902e-01
5.332383513450622559e-01
6.781329512596130371e-01
6.859824061393737793e-01
8.577546477317810059e-01
5.407444834709167480e-01
5.566558241844177246e-01
5.416783690452575684e-01
4.275974929332733154e-01
6.861685514450073242e-01
7.024555802345275879e-01
4.406708478927612305e-01
5.639992356300354004e-01
5.929022431373596191e-01
5.817755460739135742e-01
6.183927655220031738e-01
5.118349194526672363e-01
6.695975065231323242e-01
6.100850105285644531e-01
6.283700466156005859e-01
6.378619074821472168e-01
3.952209949493408203e-01
3.893532454967498779e-01
8.448665142059326172e-01
5.157094597816467285e-01
4.544942378997802734e-01
5.204591751098632812e-01
7.184935808181762695e-01
4.932317137718200684e-01
4.981773793697357178e-01
4.889374673366546631e-01
6.047751307487487793e-01
6.766700744628906250e-01
5.259492993354797363e-01
5.311259031295776367e-01
4.807908535003662109e-01
7.159236073493957520e-01
7.545362114906311035e-01
5.900993347167968750e-01
3.927530646324157715e-01
5.746825933456420898e-01
4.799048900604248047e-01
5.760428309440612793e-01
6.780833601951599121e-01
4.391376972198486328e-01
7.753357887268066406e-01
5.966711044311523438e-01
6.855605244636535645e-01
4.402915239334106445e-01
5.759086608886718750e-01
5.803495049476623535e-01
5.054493546485900879e-01
5.498781800270080566e-01
6.056810021400451660e-01
5.262402892112731934e-01
4.620903730392456055e-01
5.410043001174926758e-01
5.283655524253845215e-01
5.535807609558105469e-01
4.174687564373016357e-01
5.597520470619201660e-01
7.194699048995971680e-01
4.621410369873046875e-01
5.554349422454833984e-01
5.872034430503845215e-01
7.204594612121582031e-01
5.149255394935607910e-01
4.166694879531860352e-01
5.346471667289733887e-01
4.521811008453369141e-01
8.641617298126220703e-01
7.781293988227844238e-01
6.792152523994445801e-01
6.078021526336669922e-01
5.239562392234802246e-01
5.532460212707519531e-01
7.560423016548156738e-01
6.519908905029296875e-01
6.976853609085083008e-01
4.705551266670227051e-01
7.454155087471008301e-01
5.902290940284729004e-01
4.969685375690460205e-01
4.779523015022277832e-01
7.348695993423461914e-01
5.556738972663879395e-01
8.223700523376464844e-01
5.261634588241577148e-01
6.413788199424743652e-01
7.563453316688537598e-01
4.038590788841247559e-01
4.579095542430877686e-01
6.090816855430603027e-01
6.483327150344848633e-01
7.029428482055664062e-01
5.362092256546020508e-01
5.575317740440368652e-01
7.883865237236022949e-01
6.918439865112304688e-01
6.734077334403991699e-01
4.297132194042205811e-01
6.345523595809936523e-01
6.477322578430175781e-01
4.848186373710632324e-01
5.215199589729309082e-01
6.007463932037353516e-01
6.061297059059143066e-01
6.326006054878234863e-01
4.634171128273010254e-01
4.931754469871520996e-01
6.679203510284423828e-01
5.065749287605285645e-01
6.130767464637756348e-01
6.326618194580078125e-01
5.437180995941162109e-01
5.522974133491516113e-01
5.409412384033203125e-01
5.305442810058593750e-01
7.128694057464599609e-01
5.817211866378784180e-01
4.357705414295196533e-01
4.452101588249206543e-01
5.079635977745056152e-01
8.321231603622436523e-01
8.400276303291320801e-01
7.069241404533386230e-01
4.930950105190277100e-01
6.970279216766357422e-01
6.658083200454711914e-01
4.493350088596343994e-01
7.655193209648132324e-01
6.888175010681152344e-01
4.906377494335174561e-01
5.488622784614562988e-01
6.344528794288635254e-01
8.483337163925170898e-01
7.004138827323913574e-01
5.544964075088500977e-01
6.358941197395324707e-01
7.392161488533020020e-01
8.527564406394958496e-01
5.955557823181152344e-01
6.725803613662719727e-01
7.240039110183715820e-01
6.044677495956420898e-01
5.369302630424499512e-01
5.743671059608459473e-01
4.641581475734710693e-01
6.956242322921752930e-01
6.256518363952636719e-01
5.388937592506408691e-01
6.255535483360290527e-01
6.184940338134765625e-01
6.056473851203918457e-01
6.217812299728393555e-01
8.065435886383056641e-01
3.328272998332977295e-01
3.792409896850585938e-01
5.700982809066772461e-01
5.178775191307067871e-01
7.341842055320739746e-01
6.457092761993408203e-01
5.671566724777221680e-01
8.226025104522705078e-01
7.580951452255249023e-01
6.233657598495483398e-01
5.778312683105468750e-01
4.941756129264831543e-01
6.148669719696044922e-01
3.623917698860168457e-01
5.656393170356750488e-01
5.416613221168518066e-01
7.427747845649719238e-01
4.079062938690185547e-01
6.355512142181396484e-01
6.888118386268615723e-01
2.956113517284393311e-01
4.141535162925720215e-01
6.360927820205688477e-01
7.827911376953125000e-01
6.285524368286132812e-01
7.240366935729980469e-01
6.785361766815185547e-01
5.710441470146179199e-01
5.662451386451721191e-01
7.034446597099304199e-01
7.621899843215942383e-01
4.946652352809906006e-01
5.097597241401672363e-01
4.934245645999908447e-01
3.949006199836730957e-01
6.908954977989196777e-01
2.472286969423294067e-01
6.409537196159362793e-01
8.427226543426513672e-01
6.154189109802246094e-01
6.566049456596374512e-01
3.606858253479003906e-01
6.464436054229736328e-01
5.940465331077575684e-01
6.474701762199401855e-01
6.737504601478576660e-01
8.002485036849975586e-01
5.551922321319580078e-01
4.354232549667358398e-01
5.598386526107788086e-01
6.345354914665222168e-01
6.434943079948425293e-01
3.794697225093841553e-01
5.363081693649291992e-01
4.633348882198333740e-01
7.378492951393127441e-01
6.187988519668579102e-01
7.584537267684936523e-01
6.380586624145507812e-01
3.732506632804870605e-01
5.393016338348388672e-01
5.282568335533142090e-01
5.603567957878112793e-01
4.504798948764801025e-01
4.422432184219360352e-01
4.842613339424133301e-01
3.652712106704711914e-01
6.548620462417602539e-01
6.674029231071472168e-01
3.732930123805999756e-01
4.661757946014404297e-01
5.671365857124328613e-01
6.104939579963684082e-01
8.208626508712768555e-01
4.438146054744720459e-01
5.586714744567871094e-01
7.095457911491394043e-01
5.862461328506469727e-01
6.821293234825134277e-01
5.104817152023315430e-01
6.235306859016418457e-01
6.418708562850952148e-01
5.745447874069213867e-01
6.576136946678161621e-01
6.902650594711303711e-01
6.180172562599182129e-01
5.001592040061950684e-01
4.520972073078155518e-01
4.278127849102020264e-01
6.167346239089965820e-01
9.043461084365844727e-01
6.870659589767456055e-01
6.989322900772094727e-01
6.741865277290344238e-01
5.259633660316467285e-01
6.282908320426940918e-01
5.934072732925415039e-01
8.454162478446960449e-01
7.361088991165161133e-01
6.900172829627990723e-01
4.988809823989868164e-01
5.044907927513122559e-01
6.582047343254089355e-01
5.811576247215270996e-01
4.338745474815368652e-01
6.905311942100524902e-01
8.252517580986022949e-01
6.831784248352050781e-01
5.039814114570617676e-01
6.254272460937500000e-01
5.694218277931213379e-01
5.532805919647216797e-01
5.996026396751403809e-01
5.049541592597961426e-01
4.350457787513732910e-01
7.006924152374267578e-01
3.812471330165863037e-01
7.076388001441955566e-01
9.277120828628540039e-01
8.921844959259033203e-01
5.351307392120361328e-01
5.300335884094238281e-01
6.171455383300781250e-01
6.893029808998107910e-01
7.791860699653625488e-01
7.982903718948364258e-01
8.599345684051513672e-01
7.665382027626037598e-01
5.240619778633117676e-01
6.157816052436828613e-01
6.180822253227233887e-01
3.816077113151550293e-01
7.107768654823303223e-01
4.502061009407043457e-01
5.609974265098571777e-01
7.595767974853515625e-01
6.954585909843444824e-01
4.061036705970764160e-01
5.382328033447265625e-01
5.421149134635925293e-01
5.354898571968078613e-01
5.552385449409484863e-01
5.980402231216430664e-01
7.090526819229125977e-01
5.926006436347961426e-01
5.577098131179809570e-01
4.821029603481292725e-01
7.214626669883728027e-01
7.642675638198852539e-01
6.385382413864135742e-01
5.822297930717468262e-01
7.373515367507934570e-01
5.296768546104431152e-01
6.098393797874450684e-01
5.696738958358764648e-01
5.114504694938659668e-01
5.875871777534484863e-01
8.545812368392944336e-01
4.294436872005462646e-01
6.888793110847473145e-01
6.985766887664794922e-01
6.030789017677307129e-01
5.437510013580322266e-01
5.689238905906677246e-01
5.939831137657165527e-01
6.155871152877807617e-01
4.228454530239105225e-01
5.594153404235839844e-01
4.395641386508941650e-01
3.644617795944213867e-01
5.184704661369323730e-01
3.712827265262603760e-01
4.594822227954864502e-01
5.244231224060058594e-01
6.366454958915710449e-01
6.237083077430725098e-01
6.165034770965576172e-01
3.918119072914123535e-01
4.419588446617126465e-01
7.273257374763488770e-01
3.811644613742828369e-01
5.846722722053527832e-01
6.429461240768432617e-01
5.243442654609680176e-01
5.632516145706176758e-01
7.549726963043212891e-01
7.388181090354919434e-01
6.503204703330993652e-01
7.612835764884948730e-01
5.746508836746215820e-01
4.223488867282867432e-01
7.306681871414184570e-01
6.496978998184204102e-01
6.203591227531433105e-01
5.887666940689086914e-01
5.631422996520996094e-01
5.891239047050476074e-01
4.192467629909515381e-01
4.689587354660034180e-01
5.597062706947326660e-01
6.000640988349914551e-01
5.983983278274536133e-01
8.029142022132873535e-01
7.367662191390991211e-01
4.654721021652221680e-01
6.579555273056030273e-01
6.252210140228271484e-01
6.201397180557250977e-01
6.063111424446105957e-01
5.477124452590942383e-01
4.658910036087036133e-01
6.288493871688842773e-01
9.283314347267150879e-01
3.966757655143737793e-01
5.294325947761535645e-01
6.260092258453369141e-01
7.511310577392578125e-01
6.258024573326110840e-01
5.457134246826171875e-01
5.936463475227355957e-01
8.153455853462219238e-01
4.310878813266754150e-01
7.258571982383728027e-01
7.432724237442016602e-01
7.997530102729797363e-01
4.608343839645385742e-01
6.077066659927368164e-01
4.523977935314178467e-01
5.225439071655273438e-01
6.677579879760742188e-01
4.754016101360321045e-01
6.299504041671752930e-01
5.984103083610534668e-01
6.460008025169372559e-01
7.064567804336547852e-01
6.921777725219726562e-01
7.603824138641357422e-01
7.519352436065673828e-01
5.769315361976623535e-01
5.807855129241943359e-01
7.864843010902404785e-01
5.151704549789428711e-01
4.751295149326324463e-01
4.855057299137115479e-01
5.600755214691162109e-01
4.586757421493530273e-01
5.154871940612792969e-01
4.693568348884582520e-01
8.083651661872863770e-01
5.946667194366455078e-01
5.415377616882324219e-01
4.663135409355163574e-01
7.181842923164367676e-01
4.556327760219573975e-01
4.139285683631896973e-01
8.085088133811950684e-01
5.435749292373657227e-01
5.548729896545410156e-01
5.662380456924438477e-01
3.328629434108734131e-01
4.372856616973876953e-01
6.295186877250671387e-01
6.383103728294372559e-01
7.134916782379150391e-01
7.046328186988830566e-01
4.930285513401031494e-01
7.190321087837219238e-01
4.548914134502410889e-01
5.745403170585632324e-01
5.082286000251770020e-01
3.686248362064361572e-01
6.143264770507812500e-01
4.767252206802368164e-01
7.857784628868103027e-01
8.517072796821594238e-01
4.333150088787078857e-01
7.250735759735107422e-01
3.871930837631225586e-01
7.598045468330383301e-01
7.386521100997924805e-01
6.845857501029968262e-01
5.258914828300476074e-01
5.928351879119873047e-01
5.300726294517517090e-01
6.160356402397155762e-01
6.901822686195373535e-01
8.712127804756164551e-01
4.020362496376037598e-01
5.495817065238952637e-01
5.794992446899414062e-01
6.786810755729675293e-01
6.581537127494812012e-01
6.278914213180541992e-01
7.918639779090881348e-01
6.196359395980834961e-01
7.156288623809814453e-01
8.565434217453002930e-01
5.461594462394714355e-01
6.923658251762390137e-01
6.775935292243957520e-01
4.102911055088043213e-01
7.046060562133789062e-01
4.112538099288940430e-01
7.605903148651123047e-01
5.074555873870849609e-01
8.191878199577331543e-01
5.066578984260559082e-01
4.414031803607940674e-01
5.365570783615112305e-01
5.662537813186645508e-01
5.162277221679687500e-01
7.264515757560729980e-01
7.747718691825866699e-01
6.333894133567810059e-01
7.278895378112792969e-01
5.756638646125793457e-01
4.406578540802001953e-01
5.187973380088806152e-01
7.910965681076049805e-01
5.291711688041687012e-01
5.353237390518188477e-01
4.972217977046966553e-01
5.435129404067993164e-01
4.651680886745452881e-01
4.558578729629516602e-01
5.903150439262390137e-01
6.390026211738586426e-01
5.277394652366638184e-01
4.684342443943023682e-01
5.776860117912292480e-01
5.326125621795654297e-01
5.604392886161804199e-01
5.704382061958312988e-01
7.990909218788146973e-01
6.849801540374755859e-01
6.841403245925903320e-01
7.344344258308410645e-01
3.932769000530242920e-01
4.492459595203399658e-01
5.615223646163940430e-01
5.616263151168823242e-01
3.711019754409790039e-01
5.023587942123413086e-01
6.927213072776794434e-01
5.359203219413757324e-01
6.151355504989624023e-01
8.041028380393981934e-01
4.878681600093841553e-01
4.069113135337829590e-01
6.347061395645141602e-01
6.481409072875976562e-01
5.718035697937011719e-01
8.492624759674072266e-01
4.928366839885711670e-01
6.087734103202819824e-01
4.502361714839935303e-01
7.517035007476806641e-01
7.829844355583190918e-01
5.385704636573791504e-01
6.852722764015197754e-01
5.597063302993774414e-01
7.876627445220947266e-01
6.138040423393249512e-01
5.438665151596069336e-01
6.924058198928833008e-01
5.305734872817993164e-01
4.700986444950103760e-01
5.585314631462097168e-01
6.311363577842712402e-01
6.224466562271118164e-01
4.875437319278717041e-01
7.633446455001831055e-01
7.441602945327758789e-01
3.777363598346710205e-01
5.976856350898742676e-01
6.578662991523742676e-01
6.082122921943664551e-01
7.188383936882019043e-01
4.355944693088531494e-01
7.387366890907287598e-01
7.116223573684692383e-01
6.552555561065673828e-01
5.429490804672241211e-01
4.803110361099243164e-01
4.832941889762878418e-01
6.603500843048095703e-01
6.494631767272949219e-01
6.170582175254821777e-01
5.370678901672363281e-01
7.952816486358642578e-01
4.790021181106567383e-01
7.172120213508605957e-01
5.202707648277282715e-01
5.834277868270874023e-01
6.954382658004760742e-01
6.497728824615478516e-01
4.692193567752838135e-01
6.197531223297119141e-01
5.195701718330383301e-01
7.797225117683410645e-01
5.200285911560058594e-01
3.816801905632019043e-01
6.855960488319396973e-01
6.349943876266479492e-01
6.404954791069030762e-01
6.499126553535461426e-01
6.514998078346252441e-01
6.277898550033569336e-01
5.565843582153320312e-01
6.455628275871276855e-01
6.774796843528747559e-01
7.923084497451782227e-01
5.181220769882202148e-01
5.077576041221618652e-01
6.792964935302734375e-01
4.962316751480102539e-01
4.772596061229705811e-01
5.557627081871032715e-01
6.990489363670349121e-01
6.586676836013793945e-01
5.632292628288269043e-01
6.878824830055236816e-01
6.312468051910400391e-01
6.823897361755371094e-01
4.254369437694549561e-01
6.358863115310668945e-01
5.649546980857849121e-01
7.571293711662292480e-01
4.156116247177124023e-01
7.625806331634521484e-01
6.737086772918701172e-01
4.465112388134002686e-01
7.006443142890930176e-01
6.162967085838317871e-01
6.685479879379272461e-01
7.721088528633117676e-01
5.533555150032043457e-01
7.130328416824340820e-01
4.887616038322448730e-01
6.572494506835937500e-01
5.639987587928771973e-01
6.174947023391723633e-01
4.223169982433319092e-01
7.799199819564819336e-01
5.843100547790527344e-01
6.934784650802612305e-01
6.259764432907104492e-01
5.103847384452819824e-01
7.150943279266357422e-01
7.218508124351501465e-01
4.590399265289306641e-01
6.975228786468505859e-01
5.738070011138916016e-01
4.783276319503784180e-01
7.372098565101623535e-01
7.821255922317504883e-01
6.022475957870483398e-01
4.092261195182800293e-01
7.677693963050842285e-01
5.364131331443786621e-01
4.207586646080017090e-01
7.552288770675659180e-01
5.430727005004882812e-01
5.415911674499511719e-01
5.141242146492004395e-01
6.554646492004394531e-01
4.534396529197692871e-01
4.756012558937072754e-01
5.637994408607482910e-01
5.466773509979248047e-01
5.039102435111999512e-01
4.911153912544250488e-01
7.121662497520446777e-01
