8.261875510215759277e-01
8.163270950317382812e-01
7.809238433837890625e-01
7.363026142120361328e-01
7.923421859741210938e-01
7.875800132751464844e-01
8.022519350051879883e-01
7.412913441658020020e-01
5.632452964782714844e-01
7.109602093696594238e-01
8.965745568275451660e-01
8.001320362091064453e-01
7.361420392990112305e-01
6.248261332511901855e-01
6.956570148468017578e-01
5.807024836540222168e-01
6.116172075271606445e-01
5.844455361366271973e-01
6.434642672538757324e-01
7.123891115188598633e-01
5.861340761184692383e-01
6.816302537918090820e-01
8.552532792091369629e-01
6.275961399078369141e-01
6.502735018730163574e-01
4.993688166141510010e-01
8.847791552543640137e-01
7.294226288795471191e-01
6.470198631286621094e-01
7.391436696052551270e-01
7.611357569694519043e-01
8.178554773330688477e-01
7.857874035835266113e-01
8.218517303466796875e-01
8.119404315948486328e-01
8.562174439430236816e-01
6.723808050155639648e-01
6.483325958251953125e-01
7.491650581359863281e-01
8.812162280082702637e-01
8.359267711639404297e-01
7.082215547561645508e-01
7.106696963310241699e-01
7.999659180641174316e-01
7.062697410583496094e-01
8.245782256126403809e-01
6.092586517333984375e-01
7.160221338272094727e-01
8.540268540382385254e-01
8.731290698051452637e-01
6.430093050003051758e-01
7.553736567497253418e-01
7.839000821113586426e-01
6.455074548721313477e-01
7.365617752075195312e-01
8.222967982292175293e-01
7.073605656623840332e-01
6.088146567344665527e-01
7.965312600135803223e-01
7.902609705924987793e-01
7.918969988822937012e-01
7.150682210922241211e-01
8.803013563156127930e-01
8.211905956268310547e-01
6.819551587104797363e-01
8.206818103790283203e-01
6.576295495033264160e-01
8.137534260749816895e-01
7.503641843795776367e-01
7.439647316932678223e-01
7.798279523849487305e-01
7.107750773429870605e-01
8.114378452301025391e-01
5.962415933609008789e-01
7.335518598556518555e-01
7.924999594688415527e-01
8.623294830322265625e-01
7.082972526550292969e-01
9.290607571601867676e-01
6.688373684883117676e-01
5.795693993568420410e-01
7.998618483543395996e-01
6.532151103019714355e-01
8.449320793151855469e-01
6.785275340080261230e-01
7.976471781730651855e-01
8.944596052169799805e-01
7.351306080818176270e-01
9.104814529418945312e-01
6.820306777954101562e-01
6.802532076835632324e-01
6.214339733123779297e-01
7.529730796813964844e-01
7.549022436141967773e-01
8.006420731544494629e-01
4.892594218254089355e-01
7.044324874877929688e-01
7.833522558212280273e-01
7.857339382171630859e-01
8.564291000366210938e-01
5.321599841117858887e-01
5.048271417617797852e-01
7.314381003379821777e-01
6.895229220390319824e-01
7.957800626754760742e-01
8.921259641647338867e-01
6.924190521240234375e-01
8.810601234436035156e-01
7.159781455993652344e-01
6.312019824981689453e-01
6.457630991935729980e-01
5.585426688194274902e-01
5.860605239868164062e-01
8.017389178276062012e-01
7.616387605667114258e-01
7.437776923179626465e-01
6.412565112113952637e-01
7.632221579551696777e-01
8.867181539535522461e-01
5.872638225555419922e-01
8.232870101928710938e-01
6.939392089843750000e-01
7.673146724700927734e-01
8.605722784996032715e-01
8.478704690933227539e-01
6.483309864997863770e-01
7.779886722564697266e-01
5.126155614852905273e-01
8.131428956985473633e-01
5.778580904006958008e-01
8.084161877632141113e-01
8.126535415649414062e-01
8.420445919036865234e-01
7.453395724296569824e-01
5.998443365097045898e-01
6.653192639350891113e-01
6.747057437896728516e-01
5.660002827644348145e-01
6.950530409812927246e-01
6.482058763504028320e-01
7.330263257026672363e-01
6.651932001113891602e-01
7.628554105758666992e-01
8.568709492683410645e-01
7.810615301132202148e-01
6.421916484832763672e-01
9.268836975097656250e-01
7.224438786506652832e-01
8.185398578643798828e-01
5.245695710182189941e-01
5.730778574943542480e-01
7.034025788307189941e-01
7.301349639892578125e-01
6.884599328041076660e-01
7.249090075492858887e-01
9.263073205947875977e-01
6.102344989776611328e-01
7.488299608230590820e-01
6.714448332786560059e-01
7.880069613456726074e-01
7.289006710052490234e-01
8.002912402153015137e-01
7.293305397033691406e-01
8.795784711837768555e-01
3.977681100368499756e-01
6.596530675888061523e-01
7.413630485534667969e-01
7.938011884689331055e-01
5.877236723899841309e-01
7.221148610115051270e-01
7.573546171188354492e-01
8.410295844078063965e-01
6.836606264114379883e-01
6.660461425781250000e-01
6.654721498489379883e-01
6.937049627304077148e-01
7.609095573425292969e-01
8.735124468803405762e-01
7.193984985351562500e-01
6.495996713638305664e-01
6.084466576576232910e-01
6.710986495018005371e-01
7.776574492454528809e-01
6.493375301361083984e-01
5.259169936180114746e-01
6.382430791854858398e-01
7.428373694419860840e-01
9.029305577278137207e-01
6.343631148338317871e-01
6.668660044670104980e-01
6.386525034904479980e-01
6.029583215713500977e-01
7.452542185783386230e-01
8.098350167274475098e-01
5.485688447952270508e-01
6.914678215980529785e-01
6.262239217758178711e-01
8.764219880104064941e-01
7.793586254119873047e-01
7.462552785873413086e-01
6.577603816986083984e-01
8.914877176284790039e-01
5.607962608337402344e-01
7.500068545341491699e-01
7.307217121124267578e-01
7.945624589920043945e-01
8.114779591560363770e-01
8.885425329208374023e-01
5.812977552413940430e-01
7.670917510986328125e-01
9.069037437438964844e-01
7.295438647270202637e-01
8.571231365203857422e-01
6.771774291992187500e-01
8.011912107467651367e-01
5.496934652328491211e-01
6.990401148796081543e-01
7.196699380874633789e-01
7.317659258842468262e-01
8.320976495742797852e-01
7.187231779098510742e-01
7.128215432167053223e-01
6.935762763023376465e-01
8.176605105400085449e-01
8.906176686286926270e-01
6.765093803405761719e-01
8.228524327278137207e-01
8.833637237548828125e-01
7.824451923370361328e-01
8.082336783409118652e-01
6.912466287612915039e-01
8.404586315155029297e-01
7.677952051162719727e-01
7.628131508827209473e-01
7.738819122314453125e-01
9.299261569976806641e-01
7.154150009155273438e-01
6.907860040664672852e-01
6.370231509208679199e-01
7.791649699211120605e-01
5.962682962417602539e-01
4.724663496017456055e-01
5.846256613731384277e-01
7.512383460998535156e-01
5.850344896316528320e-01
6.118956804275512695e-01
8.989834785461425781e-01
8.399896621704101562e-01
7.232194542884826660e-01
7.575995922088623047e-01
7.324188947677612305e-01
7.645649909973144531e-01
6.579446196556091309e-01
8.237889409065246582e-01
6.921959519386291504e-01
7.767716646194458008e-01
7.058114409446716309e-01
7.078180313110351562e-01
7.085484862327575684e-01
7.122797966003417969e-01
7.592414021492004395e-01
8.776858448982238770e-01
7.307937741279602051e-01
6.922441720962524414e-01
8.203158378601074219e-01
8.763610720634460449e-01
5.705913901329040527e-01
7.705288529396057129e-01
6.873593926429748535e-01
6.243156194686889648e-01
7.886478900909423828e-01
6.240719556808471680e-01
8.189449310302734375e-01
7.719718813896179199e-01
7.544263005256652832e-01
8.174057602882385254e-01
8.745962977409362793e-01
7.177509665489196777e-01
6.733978390693664551e-01
9.349671006202697754e-01
8.916875123977661133e-01
6.707768440246582031e-01
6.850780844688415527e-01
7.857524156570434570e-01
6.575291752815246582e-01
8.304963111877441406e-01
7.587394118309020996e-01
7.195093631744384766e-01
7.675222754478454590e-01
6.608653664588928223e-01
8.272781968116760254e-01
8.582615256309509277e-01
6.800283789634704590e-01
7.884379029273986816e-01
5.982391834259033203e-01
5.891122221946716309e-01
7.329139709472656250e-01
5.195113420486450195e-01
6.027371883392333984e-01
7.947126030921936035e-01
6.859641075134277344e-01
5.943608880043029785e-01
6.242394447326660156e-01
7.502267360687255859e-01
8.403902053833007812e-01
6.028697490692138672e-01
7.246714234352111816e-01
7.165404558181762695e-01
5.077825188636779785e-01
6.967195868492126465e-01
8.251609802246093750e-01
7.936745285987854004e-01
8.471809625625610352e-01
8.550229072570800781e-01
7.553116083145141602e-01
6.681490540504455566e-01
7.972573637962341309e-01
6.455510258674621582e-01
8.036175966262817383e-01
8.259804844856262207e-01
5.591627359390258789e-01
7.199236750602722168e-01
8.607385158538818359e-01
8.517503738403320312e-01
7.698382735252380371e-01
6.791041493415832520e-01
8.607214093208312988e-01
7.860531210899353027e-01
5.978114604949951172e-01
7.819564938545227051e-01
8.871636390686035156e-01
7.559357881546020508e-01
7.001860141754150391e-01
6.248273849487304688e-01
6.789597272872924805e-01
6.007369160652160645e-01
6.916049718856811523e-01
7.006455063819885254e-01
7.635915279388427734e-01
5.347288846969604492e-01
7.339554429054260254e-01
8.008129000663757324e-01
5.691859722137451172e-01
7.245584726333618164e-01
7.928092479705810547e-01
7.174132466316223145e-01
6.976483464241027832e-01
7.391327619552612305e-01
7.104078531265258789e-01
5.865807533264160156e-01
7.650185227394104004e-01
6.600989699363708496e-01
6.108006238937377930e-01
6.193925738334655762e-01
7.628792524337768555e-01
8.195778727531433105e-01
7.032407522201538086e-01
7.411118745803833008e-01
5.978448987007141113e-01
5.668522119522094727e-01
6.994475126266479492e-01
8.276124000549316406e-01
7.880326509475708008e-01
7.240370512008666992e-01
9.059107303619384766e-01
8.406938910484313965e-01
7.869036197662353516e-01
9.000804424285888672e-01
6.996455192565917969e-01
6.895360350608825684e-01
7.235719561576843262e-01
7.708104252815246582e-01
7.266675829887390137e-01
6.342518925666809082e-01
5.739378929138183594e-01
7.026169300079345703e-01
8.191215395927429199e-01
7.554761767387390137e-01
8.371723890304565430e-01
6.047702431678771973e-01
7.168386578559875488e-01
5.977367162704467773e-01
9.001517295837402344e-01
6.314063072204589844e-01
6.467745304107666016e-01
6.635661721229553223e-01
7.029204964637756348e-01
7.707380056381225586e-01
8.122745156288146973e-01
8.167208433151245117e-01
5.565882921218872070e-01
7.760571837425231934e-01
6.275931000709533691e-01
7.194470763206481934e-01
7.589326500892639160e-01
7.644799947738647461e-01
5.892454981803894043e-01
8.239989876747131348e-01
8.734686970710754395e-01
8.776006698608398438e-01
8.305462002754211426e-01
7.573305368423461914e-01
5.710541605949401855e-01
6.573098301887512207e-01
7.240015864372253418e-01
7.010595798492431641e-01
8.207188248634338379e-01
6.547421216964721680e-01
4.820809066295623779e-01
6.178426742553710938e-01
8.811055421829223633e-01
9.035820960998535156e-01
6.751176714897155762e-01
6.984584927558898926e-01
7.831309437751770020e-01
8.099633455276489258e-01
6.768696308135986328e-01
7.691079378128051758e-01
6.968083977699279785e-01
5.759140253067016602e-01
8.463941812515258789e-01
8.394224047660827637e-01
8.681325316429138184e-01
7.982285618782043457e-01
7.582491040229797363e-01
6.566135287284851074e-01
6.608117222785949707e-01
5.672034025192260742e-01
7.804388403892517090e-01
7.010216116905212402e-01
6.260731816291809082e-01
7.353962063789367676e-01
7.386658787727355957e-01
7.599843740463256836e-01
5.538331270217895508e-01
7.366842627525329590e-01
7.556086778640747070e-01
8.037344813346862793e-01
7.562685608863830566e-01
8.461753726005554199e-01
7.383167743682861328e-01
8.325946331024169922e-01
6.159157156944274902e-01
9.077304005622863770e-01
5.796223878860473633e-01
7.596741914749145508e-01
7.966005802154541016e-01
7.242965698242187500e-01
5.391847491264343262e-01
6.997410058975219727e-01
7.112792730331420898e-01
8.752987384796142578e-01
6.553432941436767578e-01
6.854360699653625488e-01
8.426499962806701660e-01
8.738801479339599609e-01
6.055853366851806641e-01
7.552179694175720215e-01
7.949342727661132812e-01
7.006900310516357422e-01
6.982312798500061035e-01
7.327892780303955078e-01
7.250726222991943359e-01
8.678172230720520020e-01
4.985163807868957520e-01
7.626212239265441895e-01
7.053489685058593750e-01
6.077824234962463379e-01
7.368701696395874023e-01
5.460328459739685059e-01
6.148328185081481934e-01
8.046948909759521484e-01
7.751356959342956543e-01
7.340085506439208984e-01
8.310956954956054688e-01
7.415229082107543945e-01
6.400666236877441406e-01
8.287804126739501953e-01
6.636999845504760742e-01
5.661717057228088379e-01
5.937986373901367188e-01
7.891206741333007812e-01
8.080801963806152344e-01
7.195044159889221191e-01
8.239548802375793457e-01
5.625989437103271484e-01
7.440142035484313965e-01
7.767543792724609375e-01
7.430269718170166016e-01
7.680454850196838379e-01
5.927458405494689941e-01
5.396660566329956055e-01
5.524156093597412109e-01
7.695076465606689453e-01
6.315929889678955078e-01
5.800576806068420410e-01
6.442650556564331055e-01
8.123366236686706543e-01
6.872577667236328125e-01
8.109984993934631348e-01
6.932790875434875488e-01
8.572426438331604004e-01
8.747400045394897461e-01
6.781873106956481934e-01
6.912986040115356445e-01
9.056997895240783691e-01
7.643281817436218262e-01
7.842085361480712891e-01
7.740414738655090332e-01
5.136988162994384766e-01
5.009426474571228027e-01
6.516606211662292480e-01
6.222286224365234375e-01
6.571868658065795898e-01
8.131175637245178223e-01
5.706650614738464355e-01
8.389663100242614746e-01
8.284240961074829102e-01
7.331441640853881836e-01
7.391139268875122070e-01
7.540667057037353516e-01
6.558489799499511719e-01
6.255154609680175781e-01
7.480297088623046875e-01
8.599839806556701660e-01
7.048326730728149414e-01
4.511649310588836670e-01
7.708287835121154785e-01
6.817208528518676758e-01
8.018282055854797363e-01
7.656334042549133301e-01
7.089049816131591797e-01
7.614482045173645020e-01
7.710032463073730469e-01
6.822718977928161621e-01
8.333343863487243652e-01
6.926600337028503418e-01
5.821533203125000000e-01
7.294187545776367188e-01
7.071238756179809570e-01
6.822062730789184570e-01
7.384847402572631836e-01
8.083794116973876953e-01
6.388734579086303711e-01
8.123553395271301270e-01
6.594606637954711914e-01
5.432466268539428711e-01
6.111377477645874023e-01
7.637312412261962891e-01
5.939885973930358887e-01
7.730963230133056641e-01
8.472219705581665039e-01
7.856135368347167969e-01
7.081601023674011230e-01
6.907051801681518555e-01
7.703642249107360840e-01
7.386537194252014160e-01
8.144196271896362305e-01
6.510366201400756836e-01
7.583415508270263672e-01
8.723341226577758789e-01
9.013121128082275391e-01
6.070232391357421875e-01
6.140521168708801270e-01
8.393932580947875977e-01
8.593670129776000977e-01
7.429788112640380859e-01
6.964974999427795410e-01
4.555791020393371582e-01
7.871919870376586914e-01
6.773962974548339844e-01
7.998974919319152832e-01
8.484458923339843750e-01
7.791348695755004883e-01
8.878329396247863770e-01
8.072276115417480469e-01
7.419388890266418457e-01
8.335340023040771484e-01
7.070378065109252930e-01
7.665113210678100586e-01
5.510063767433166504e-01
6.108299493789672852e-01
7.506989836692810059e-01
6.498428583145141602e-01
6.981112957000732422e-01
6.274566650390625000e-01
8.400872945785522461e-01
7.258439660072326660e-01
7.670770883560180664e-01
8.033800125122070312e-01
6.747645735740661621e-01
6.677750349044799805e-01
6.267665624618530273e-01
8.700741529464721680e-01
7.007275819778442383e-01
6.794917583465576172e-01
6.974714994430541992e-01
7.954665422439575195e-01
6.937817335128784180e-01
7.101959586143493652e-01
8.540875315666198730e-01
5.830600261688232422e-01
8.491404652595520020e-01
7.874125838279724121e-01
7.261964678764343262e-01
7.225923538208007812e-01
7.409977912902832031e-01
6.270964145660400391e-01
6.147945523262023926e-01
6.223999261856079102e-01
7.598580718040466309e-01
8.307697176933288574e-01
5.905416011810302734e-01
6.481771469116210938e-01
9.005733728408813477e-01
8.565105795860290527e-01
6.395814418792724609e-01
8.957384824752807617e-01
4.909766912460327148e-01
8.672351241111755371e-01
8.497738838195800781e-01
7.636539340019226074e-01
6.145680546760559082e-01
8.258802294731140137e-01
6.428055167198181152e-01
7.304297685623168945e-01
8.543772697448730469e-01
6.878584027290344238e-01
8.560096025466918945e-01
7.602393627166748047e-01
7.291745543479919434e-01
6.871933937072753906e-01
6.834342479705810547e-01
6.204587221145629883e-01
8.597283363342285156e-01
7.794967889785766602e-01
9.043429493904113770e-01
8.915156722068786621e-01
8.037528991699218750e-01
5.616400837898254395e-01
8.654071092605590820e-01
8.025592565536499023e-01
7.758388519287109375e-01
7.120516896247863770e-01
5.874810814857482910e-01
5.057017803192138672e-01
6.745244860649108887e-01
7.648923993110656738e-01
7.717238664627075195e-01
8.640922904014587402e-01
8.906532526016235352e-01
8.795593380928039551e-01
6.702543497085571289e-01
8.668673038482666016e-01
6.306923031806945801e-01
6.753289103507995605e-01
6.707436442375183105e-01
7.049595117568969727e-01
6.938450336456298828e-01
6.154367327690124512e-01
7.268939614295959473e-01
8.030355572700500488e-01
7.525984644889831543e-01
7.716942429542541504e-01
6.762472987174987793e-01
8.597416877746582031e-01
5.441282987594604492e-01
6.996399164199829102e-01
6.852475404739379883e-01
6.074004769325256348e-01
8.354301452636718750e-01
7.973654866218566895e-01
6.121447086334228516e-01
6.164744496345520020e-01
7.530751228332519531e-01
7.421648502349853516e-01
5.442200899124145508e-01
7.358396649360656738e-01
6.970043182373046875e-01
6.320096850395202637e-01
7.667409181594848633e-01
6.755982637405395508e-01
8.606125712394714355e-01
7.445842623710632324e-01
7.324344515800476074e-01
8.590864539146423340e-01
7.356764078140258789e-01
6.977731585502624512e-01
7.385722398757934570e-01
6.367875933647155762e-01
6.445572376251220703e-01
6.595256328582763672e-01
8.630766272544860840e-01
8.985517024993896484e-01
6.578146815299987793e-01
5.301336050033569336e-01
6.697394251823425293e-01
7.325232028961181641e-01
7.604293823242187500e-01
6.651725769042968750e-01
7.820601463317871094e-01
8.720266222953796387e-01
7.354800701141357422e-01
6.761831641197204590e-01
6.538482904434204102e-01
7.072200179100036621e-01
6.348762512207031250e-01
8.929151892662048340e-01
8.122488856315612793e-01
5.292544364929199219e-01
6.404498219490051270e-01
5.287177562713623047e-01
6.274583339691162109e-01
8.707559108734130859e-01
7.766890525817871094e-01
7.759863734245300293e-01
7.071424722671508789e-01
6.344174146652221680e-01
6.139364242553710938e-01
8.937923908233642578e-01
5.087946057319641113e-01
5.445322394371032715e-01
7.638929486274719238e-01
6.689544320106506348e-01
7.180397510528564453e-01
8.507457375526428223e-01
7.781330943107604980e-01
8.549776077270507812e-01
7.439332008361816406e-01
7.834987044334411621e-01
6.380822062492370605e-01
5.145531892776489258e-01
6.409767270088195801e-01
8.381037116050720215e-01
7.281996607780456543e-01
6.726994514465332031e-01
5.373940467834472656e-01
6.813233494758605957e-01
6.564058661460876465e-01
7.993112206459045410e-01
8.080227375030517578e-01
6.241835355758666992e-01
7.802642583847045898e-01
5.621653199195861816e-01
6.946609616279602051e-01
8.300387263298034668e-01
7.064707279205322266e-01
6.449669599533081055e-01
5.635944008827209473e-01
8.363745808601379395e-01
7.648320198059082031e-01
8.397860527038574219e-01
7.140449285507202148e-01
6.026782989501953125e-01
7.987376451492309570e-01
7.536246180534362793e-01
8.572965264320373535e-01
6.659014821052551270e-01
6.429243087768554688e-01
7.982653975486755371e-01
7.538306713104248047e-01
7.881249189376831055e-01
5.725205540657043457e-01
5.651286840438842773e-01
5.961489677429199219e-01
8.480499386787414551e-01
8.362751007080078125e-01
6.515837907791137695e-01
7.807288169860839844e-01
6.978757381439208984e-01
8.339695930480957031e-01
6.344906091690063477e-01
7.073692679405212402e-01
6.966564059257507324e-01
7.762115001678466797e-01
6.752517819404602051e-01
7.258022427558898926e-01
7.359377741813659668e-01
4.952839314937591553e-01
6.479820609092712402e-01
8.091738224029541016e-01
7.262377738952636719e-01
8.027481436729431152e-01
8.639802932739257812e-01
7.781081795692443848e-01
7.124955058097839355e-01
6.819756627082824707e-01
6.435214281082153320e-01
6.945198774337768555e-01
7.039794921875000000e-01
7.174617052078247070e-01
5.976827740669250488e-01
5.722379088401794434e-01
7.799547910690307617e-01
7.628735899925231934e-01
7.666949629783630371e-01
7.734363675117492676e-01
8.516924381256103516e-01
6.138817667961120605e-01
7.177370786666870117e-01
7.916278839111328125e-01
6.330763697624206543e-01
8.602417111396789551e-01
8.361476063728332520e-01
7.393028140068054199e-01
7.626945376396179199e-01
8.791359663009643555e-01
7.701809406280517578e-01
7.738416790962219238e-01
6.463478803634643555e-01
7.097807526588439941e-01
8.917634487152099609e-01
6.180442571640014648e-01
8.086141943931579590e-01
8.780397176742553711e-01
8.555535078048706055e-01
7.573941946029663086e-01
6.477656960487365723e-01
8.226391673088073730e-01
8.017887473106384277e-01
6.168940663337707520e-01
8.478249907493591309e-01
6.490870118141174316e-01
8.686074018478393555e-01
7.611994147300720215e-01
5.898677110671997070e-01
7.881242632865905762e-01
7.058461904525756836e-01
6.414972543716430664e-01
6.127645969390869141e-01
8.356359004974365234e-01
6.947461962699890137e-01
7.397189736366271973e-01
8.137006759643554688e-01
7.055248618125915527e-01
6.045518517494201660e-01
6.575246453285217285e-01
7.176963090896606445e-01
7.965632677078247070e-01
