8.395825624465942383e-01
4.027567803859710693e-01
9.091714620590209961e-01
4.901634454727172852e-01
2.862039208412170410e-01
2.971891462802886963e-01
3.063976168632507324e-01
4.315223395824432373e-01
5.205179452896118164e-01
7.664230465888977051e-01
3.554915487766265869e-01
4.785512685775756836e-01
7.286533117294311523e-01
2.968994975090026855e-01
4.301715791225433350e-01
7.973467111587524414e-01
3.811535239219665527e-01
9.087281227111816406e-01
4.419248998165130615e-01
7.514082789421081543e-01
6.299817562103271484e-01
6.944631338119506836e-01
5.829787850379943848e-01
7.347106337547302246e-01
3.189979791641235352e-01
5.380016565322875977e-01
5.672630667686462402e-01
7.545257210731506348e-01
4.432289898395538330e-01
4.739204049110412598e-01
2.369619607925415039e-01
7.570876479148864746e-01
5.695647001266479492e-01
7.416105866432189941e-01
9.311677217483520508e-01
8.468414545059204102e-01
2.693009674549102783e-01
3.337398767471313477e-01
2.346606850624084473e-01
5.142744183540344238e-01
5.385889410972595215e-01
6.169655323028564453e-01
7.621153593063354492e-01
2.764890491962432861e-01
5.620548129081726074e-01
5.519833564758300781e-01
3.517197668552398682e-01
4.793475866317749023e-01
3.775217831134796143e-01
8.023791313171386719e-01
6.172485351562500000e-01
7.640911340713500977e-01
7.318005561828613281e-01
7.073417305946350098e-01
3.468438088893890381e-01
2.823075354099273682e-01
5.698269009590148926e-01
2.782809138298034668e-01
3.439970612525939941e-01
7.108084559440612793e-01
4.485251009464263916e-01
4.663960337638854980e-01
6.686617136001586914e-01
8.660038113594055176e-01
3.647376000881195068e-01
2.598105669021606445e-01
6.800509691238403320e-01
3.772647082805633545e-01
5.303984284400939941e-01
7.091262936592102051e-01
8.598587512969970703e-01
3.828859925270080566e-01
9.754735827445983887e-01
4.012323021888732910e-01
4.776402711868286133e-01
4.820915162563323975e-01
4.027410149574279785e-01
6.074653267860412598e-01
4.010411500930786133e-01
4.267199933528900146e-01
5.084902048110961914e-01
3.263205289840698242e-01
2.606064081192016602e-01
4.852902293205261230e-01
5.292273163795471191e-01
4.034407734870910645e-01
6.761200428009033203e-01
2.863970398902893066e-01
3.732458949089050293e-01
3.320137262344360352e-01
4.490245580673217773e-01
2.030186504125595093e-01
8.682281374931335449e-01
5.985745191574096680e-01
4.352961480617523193e-01
2.701124846935272217e-01
3.071375489234924316e-01
6.864314079284667969e-01
2.813731729984283447e-01
2.865747809410095215e-01
3.942826986312866211e-01
6.314256191253662109e-01
5.897374153137207031e-01
6.126289963722229004e-01
4.010425508022308350e-01
3.961741030216217041e-01
3.674335479736328125e-01
5.025080442428588867e-01
3.151330649852752686e-01
4.815051555633544922e-01
5.053909420967102051e-01
6.641483902931213379e-01
5.381346344947814941e-01
8.252760171890258789e-01
4.334698617458343506e-01
4.113144874572753906e-01
4.161501824855804443e-01
7.366569638252258301e-01
7.288724780082702637e-01
9.016035199165344238e-01
2.837316393852233887e-01
5.380790233612060547e-01
5.933380126953125000e-01
7.205424308776855469e-01
2.721121609210968018e-01
6.994863152503967285e-01
3.477252125740051270e-01
2.837880551815032959e-01
5.176917314529418945e-01
3.973809182643890381e-01
5.139954090118408203e-01
3.154178261756896973e-01
7.332788705825805664e-01
4.983082711696624756e-01
7.998957633972167969e-01
3.353080451488494873e-01
7.506711483001708984e-01
5.242137908935546875e-01
3.030475378036499023e-01
5.669646263122558594e-01
4.742839336395263672e-01
2.455386221408843994e-01
3.239336907863616943e-01
5.125391483306884766e-01
5.665411353111267090e-01
3.620767593383789062e-01
3.643268644809722900e-01
4.615791738033294678e-01
6.763941645622253418e-01
2.044158428907394409e-01
7.737797498703002930e-01
4.957222342491149902e-01
3.391811251640319824e-01
3.332170248031616211e-01
5.953693389892578125e-01
7.683637738227844238e-01
3.608441650867462158e-01
3.854815959930419922e-01
2.499831616878509521e-01
7.842866778373718262e-01
5.945490002632141113e-01
4.162149429321289062e-01
5.845453143119812012e-01
3.243542313575744629e-01
3.061332702636718750e-01
3.322516083717346191e-01
5.821869969367980957e-01
8.003571629524230957e-01
4.314880371093750000e-01
7.164511084556579590e-01
3.307106196880340576e-01
5.938733220100402832e-01
4.238864779472351074e-01
4.099432229995727539e-01
4.872292876243591309e-01
2.735236287117004395e-01
3.935311138629913330e-01
3.649177253246307373e-01
2.906925678253173828e-01
5.241082906723022461e-01
5.641679167747497559e-01
4.689595699310302734e-01
2.104348093271255493e-01
5.528193712234497070e-01
7.068454623222351074e-01
4.255813956260681152e-01
3.882196545600891113e-01
4.453843533992767334e-01
5.567494034767150879e-01
6.135220527648925781e-01
3.834375739097595215e-01
2.985269725322723389e-01
5.468295216560363770e-01
7.501996159553527832e-01
7.157288193702697754e-01
4.425907135009765625e-01
2.697918415069580078e-01
3.461955189704895020e-01
6.074832677841186523e-01
8.079095482826232910e-01
5.011375546455383301e-01
4.067110419273376465e-01
5.768473744392395020e-01
5.325039625167846680e-01
4.796561300754547119e-01
1.001042872667312622e-01
6.551843285560607910e-01
3.683525621891021729e-01
8.627884387969970703e-01
4.005746245384216309e-01
4.890179634094238281e-01
4.188293516635894775e-01
5.823917388916015625e-01
3.509697020053863525e-01
4.041678309440612793e-01
5.170390605926513672e-01
3.649445176124572754e-01
4.304535984992980957e-01
5.277304053306579590e-01
2.535500526428222656e-01
4.574451148509979248e-01
6.264268755912780762e-01
6.282339096069335938e-01
4.060599803924560547e-01
6.534028053283691406e-01
6.014506220817565918e-01
4.850150942802429199e-01
3.182744979858398438e-01
3.814028203487396240e-01
5.332238078117370605e-01
7.027279138565063477e-01
4.491667449474334717e-01
3.020946085453033447e-01
3.012537658214569092e-01
3.970422744750976562e-01
7.106697559356689453e-01
4.165100753307342529e-01
2.939363718032836914e-01
4.092794954776763916e-01
7.451232671737670898e-01
3.085412085056304932e-01
5.289258360862731934e-01
2.184787690639495850e-01
3.277682662010192871e-01
5.021091103553771973e-01
3.996442854404449463e-01
6.492449045181274414e-01
3.476176261901855469e-01
5.040517449378967285e-01
4.162144958972930908e-01
4.933374822139739990e-01
4.670284986495971680e-01
3.660069406032562256e-01
4.918628931045532227e-01
5.286243557929992676e-01
6.491147279739379883e-01
4.466562271118164062e-01
7.548270821571350098e-01
2.934921383857727051e-01
2.488956600427627563e-01
4.519054591655731201e-01
1.979746371507644653e-01
1.772355288267135620e-01
2.367903888225555420e-01
3.670324385166168213e-01
6.366127729415893555e-01
2.736206054687500000e-01
6.756023168563842773e-01
7.277063727378845215e-01
6.479809880256652832e-01
8.312618136405944824e-01
5.367159247398376465e-01
2.147950828075408936e-01
2.601897716522216797e-01
2.456409484148025513e-01
4.272893667221069336e-01
4.281947612762451172e-01
6.478168368339538574e-01
5.211520195007324219e-01
4.474006593227386475e-01
4.574536085128784180e-01
8.418024778366088867e-01
5.231437683105468750e-01
3.609973192214965820e-01
3.814720511436462402e-01
6.809599399566650391e-01
3.227772414684295654e-01
4.997290670871734619e-01
4.553069174289703369e-01
7.606489062309265137e-01
4.328169524669647217e-01
4.820953905582427979e-01
4.153787493705749512e-01
3.980473279953002930e-01
8.636546134948730469e-01
6.995860934257507324e-01
4.732854664325714111e-01
5.750614404678344727e-01
5.400934219360351562e-01
3.791544139385223389e-01
3.909077644348144531e-01
3.902245759963989258e-01
4.737098515033721924e-01
3.557435572147369385e-01
6.178514361381530762e-01
7.723529338836669922e-01
6.838655471801757812e-01
2.774295210838317871e-01
7.888815402984619141e-01
2.595388591289520264e-01
4.405539929866790771e-01
6.571182608604431152e-01
2.954404056072235107e-01
3.191362321376800537e-01
2.974038422107696533e-01
5.073259472846984863e-01
4.058984816074371338e-01
6.530089378356933594e-01
5.482848286628723145e-01
3.216463923454284668e-01
1.403400897979736328e-01
6.047671437263488770e-01
6.505993604660034180e-01
7.163472175598144531e-01
7.818135023117065430e-01
4.002846181392669678e-01
2.494446635246276855e-01
3.684490621089935303e-01
6.038421392440795898e-01
7.016251087188720703e-01
5.127795338630676270e-01
3.481293320655822754e-01
4.630733132362365723e-01
6.043629050254821777e-01
7.153850197792053223e-01
4.085730910301208496e-01
6.180273741483688354e-02
5.528305768966674805e-01
3.820457458496093750e-01
3.960668444633483887e-01
6.404141783714294434e-01
3.919864594936370850e-01
3.489449620246887207e-01
4.542742669582366943e-01
3.751587867736816406e-01
5.037493705749511719e-01
3.084461688995361328e-01
2.755089402198791504e-01
6.527644395828247070e-01
3.993543982505798340e-01
8.463513851165771484e-01
4.758571684360504150e-01
2.885657846927642822e-01
7.665864825248718262e-01
2.906917631626129150e-01
5.488505363464355469e-01
3.569888472557067871e-01
2.258214950561523438e-01
6.705680489540100098e-01
7.441753745079040527e-01
5.591090321540832520e-01
3.590703010559082031e-01
4.713431298732757568e-01
4.216901659965515137e-01
6.778821349143981934e-01
8.013294339179992676e-01
3.143110573291778564e-01
6.975782513618469238e-01
4.796345531940460205e-01
3.327899873256683350e-01
4.618281424045562744e-01
7.993676662445068359e-01
5.391056537628173828e-01
9.002993106842041016e-01
5.148065686225891113e-01
7.548679709434509277e-01
6.886681318283081055e-01
5.514062643051147461e-01
5.049951672554016113e-01
3.716453015804290771e-01
3.451984524726867676e-01
4.176676571369171143e-01
4.831958413124084473e-01
5.394273400306701660e-01
3.768088817596435547e-01
7.249640226364135742e-01
2.973631322383880615e-01
4.527410566806793213e-01
5.383938550949096680e-01
3.086111545562744141e-01
4.644566774368286133e-01
3.766750395298004150e-01
4.401398301124572754e-01
3.276690840721130371e-01
5.219240188598632812e-01
3.813977539539337158e-01
7.562099695205688477e-01
6.380165219306945801e-01
8.504063487052917480e-01
3.871992230415344238e-01
3.982006311416625977e-01
6.346886754035949707e-01
6.028910875320434570e-01
5.469390153884887695e-01
4.632331132888793945e-01
1.980333030223846436e-01
4.669894278049468994e-01
7.402027845382690430e-01
3.627379536628723145e-01
4.225821495056152344e-01
5.790490508079528809e-01
3.537228703498840332e-01
6.391531825065612793e-01
4.152668416500091553e-01
6.719120144844055176e-01
3.197045922279357910e-01
3.343707025051116943e-01
2.835994362831115723e-01
4.371353983879089355e-01
4.440959990024566650e-01
3.626766204833984375e-01
6.760323047637939453e-01
7.197161316871643066e-01
4.531653821468353271e-01
2.709291577339172363e-01
7.589141130447387695e-01
5.542230606079101562e-01
3.737314939498901367e-01
2.712511718273162842e-01
1.227840185165405273e-01
4.694740474224090576e-01
7.070846557617187500e-01
2.977556288242340088e-01
6.453433036804199219e-01
8.162287473678588867e-01
7.386572360992431641e-01
6.144068837165832520e-01
6.600871682167053223e-01
3.159043490886688232e-01
7.594657540321350098e-01
7.840152382850646973e-01
4.306995868682861328e-01
8.550197482109069824e-01
2.794808149337768555e-01
2.716267108917236328e-01
5.425174832344055176e-01
3.902983963489532471e-01
4.530785977840423584e-01
5.795757174491882324e-01
3.827569484710693359e-01
7.301493287086486816e-01
3.875630199909210205e-01
1.919249594211578369e-01
3.734895586967468262e-01
2.649536132812500000e-01
9.402199983596801758e-01
3.797671794891357422e-01
6.571717262268066406e-01
6.475170850753784180e-01
4.421881139278411865e-01
3.075224459171295166e-01
4.192260205745697021e-01
4.908376038074493408e-01
6.649198532104492188e-01
3.685237765312194824e-01
7.292512059211730957e-01
3.363436758518218994e-01
2.329989969730377197e-01
7.734633684158325195e-01
8.105384111404418945e-01
7.507482171058654785e-01
4.354713261127471924e-01
3.983142077922821045e-01
4.731418192386627197e-01
6.090703606605529785e-01
2.877333164215087891e-01
7.385850548744201660e-01
2.247558385133743286e-01
5.890423059463500977e-01
4.349627196788787842e-01
5.949921011924743652e-01
6.464509367942810059e-01
5.029758214950561523e-01
4.496112763881683350e-01
9.230903983116149902e-01
4.770573377609252930e-01
2.452922463417053223e-01
5.302416682243347168e-01
7.896662950515747070e-01
5.018674135208129883e-01
7.110800147056579590e-01
3.670862019062042236e-01
5.227084755897521973e-01
4.223963618278503418e-01
6.758331656455993652e-01
5.261386036872863770e-01
7.388001680374145508e-01
3.663831055164337158e-01
5.327613949775695801e-01
7.152389883995056152e-01
7.022883296012878418e-01
4.701565802097320557e-01
4.349401891231536865e-01
3.742948174476623535e-01
3.918032348155975342e-01
7.735426425933837891e-01
6.159235239028930664e-01
4.785698056221008301e-01
6.724900007247924805e-01
4.193347990512847900e-01
6.588547229766845703e-01
3.202891051769256592e-01
5.798293352127075195e-01
3.350495100021362305e-01
4.990438818931579590e-01
5.367347598075866699e-01
5.523747205734252930e-01
3.349586725234985352e-01
6.069114208221435547e-01
3.989481627941131592e-01
4.745852649211883545e-01
6.483449339866638184e-01
2.406360656023025513e-01
5.285905003547668457e-01
7.058417797088623047e-01
3.067983388900756836e-01
7.258167862892150879e-01
5.223584771156311035e-01
5.034363865852355957e-01
2.959736585617065430e-01
6.280591487884521484e-01
6.053615212440490723e-01
6.824548840522766113e-01
5.054880380630493164e-01
5.187652707099914551e-01
2.314755171537399292e-01
4.923825562000274658e-01
5.046127438545227051e-01
3.228251338005065918e-01
6.056088805198669434e-01
7.792285680770874023e-01
5.755870342254638672e-01
8.979902267456054688e-01
5.858143568038940430e-01
5.372039079666137695e-01
5.182271599769592285e-01
5.310730934143066406e-01
3.748981356620788574e-01
5.595569014549255371e-01
6.641328334808349609e-01
3.998876512050628662e-01
4.042806923389434814e-01
8.923928141593933105e-01
3.718003332614898682e-01
1.260942965745925903e-01
8.148292303085327148e-01
5.144875645637512207e-01
6.795246005058288574e-01
7.657973170280456543e-01
5.132564902305603027e-01
2.254520654678344727e-01
8.434334993362426758e-01
4.629907608032226562e-01
4.711140692234039307e-01
3.942084610462188721e-01
5.134221315383911133e-01
3.280858397483825684e-01
3.757683336734771729e-01
9.308554530143737793e-01
5.318034887313842773e-01
2.569322884082794189e-01
6.628612279891967773e-01
7.802143096923828125e-01
4.758136272430419922e-01
4.364790022373199463e-01
5.267997980117797852e-01
4.453208446502685547e-01
5.446062684059143066e-01
6.521102786064147949e-01
5.019803047180175781e-01
8.015081882476806641e-01
6.579921245574951172e-01
4.014208316802978516e-01
8.241715431213378906e-01
7.233132719993591309e-01
5.483667254447937012e-01
8.089943528175354004e-01
2.801812291145324707e-01
6.804223060607910156e-01
3.952574431896209717e-01
3.308252990245819092e-01
4.187812507152557373e-01
3.630830049514770508e-01
8.137557506561279297e-01
6.078005433082580566e-01
2.169936448335647583e-01
5.561774969100952148e-01
7.325249314308166504e-01
2.313768416643142700e-01
5.458675622940063477e-01
4.118924140930175781e-01
4.013459682464599609e-01
5.910255312919616699e-01
2.732640504837036133e-01
5.558031201362609863e-01
5.160960555076599121e-01
4.763102829456329346e-01
4.982151985168457031e-01
5.759828090667724609e-01
2.110543400049209595e-01
5.671694874763488770e-01
4.189155697822570801e-01
3.094089925289154053e-01
6.799542903900146484e-01
2.957844138145446777e-01
5.006920695304870605e-01
7.965350747108459473e-01
3.960143625736236572e-01
6.633066534996032715e-01
5.663829445838928223e-01
2.745569944381713867e-01
4.002393782138824463e-01
7.122740149497985840e-01
2.379503995180130005e-01
5.230058431625366211e-01
4.844913482666015625e-01
3.216052949428558350e-01
4.466605782508850098e-01
7.082831263542175293e-01
8.637699484825134277e-01
6.991119384765625000e-01
5.959684848785400391e-01
4.495751261711120605e-01
6.748287677764892578e-01
6.205324530601501465e-01
4.799943864345550537e-01
6.594654321670532227e-01
4.374741315841674805e-01
6.778267621994018555e-01
7.329119443893432617e-01
5.838094353675842285e-01
6.048604249954223633e-01
5.389326214790344238e-01
4.011989533901214600e-01
3.872927129268646240e-01
4.381092190742492676e-01
5.223737955093383789e-01
7.063854932785034180e-01
3.662757575511932373e-01
6.500571370124816895e-01
5.321760177612304688e-01
3.509569466114044189e-01
6.560927033424377441e-01
6.365726590156555176e-01
5.449368953704833984e-01
6.463049650192260742e-01
3.380836546421051025e-01
3.407748937606811523e-01
5.439989566802978516e-01
3.230366110801696777e-01
4.434234201908111572e-01
3.013934195041656494e-01
3.324740529060363770e-01
4.287365376949310303e-01
7.519589066505432129e-01
4.744061827659606934e-01
4.197783172130584717e-01
3.361875116825103760e-01
3.511214554309844971e-01
3.180035650730133057e-01
3.356070816516876221e-01
7.622198462486267090e-01
5.263330936431884766e-01
7.278614640235900879e-01
6.969183683395385742e-01
6.336559057235717773e-01
6.578758955001831055e-01
6.427386999130249023e-01
2.556738257408142090e-01
6.915639638900756836e-01
8.229089379310607910e-01
2.662935256958007812e-01
8.165884613990783691e-01
6.999635696411132812e-01
1.984582990407943726e-01
6.713575124740600586e-01
3.506996035575866699e-01
5.296762585639953613e-01
5.189123153686523438e-01
3.721150755882263184e-01
2.256214171648025513e-01
4.453187882900238037e-01
4.630856513977050781e-01
6.849700212478637695e-01
4.485180377960205078e-01
3.255127370357513428e-01
6.623528599739074707e-01
5.565368533134460449e-01
6.649580597877502441e-01
6.167532205581665039e-01
3.516492843627929688e-01
3.996382057666778564e-01
5.299095511436462402e-01
4.406217932701110840e-01
5.121752619743347168e-01
2.429297417402267456e-01
2.777816355228424072e-01
5.662364363670349121e-01
8.454110026359558105e-01
6.190358400344848633e-01
3.500172495841979980e-01
6.296451687812805176e-01
4.154115021228790283e-01
6.437662243843078613e-01
4.695163667201995850e-01
5.669337511062622070e-01
3.869510889053344727e-01
6.948685646057128906e-01
7.123667001724243164e-01
4.852996468544006348e-01
5.732277035713195801e-01
4.860200881958007812e-01
6.002603769302368164e-01
3.057195842266082764e-01
2.014432102441787720e-01
6.206281185150146484e-01
2.303481251001358032e-01
5.389881730079650879e-01
4.847774803638458252e-01
7.507894635200500488e-01
3.963341116905212402e-01
2.607442140579223633e-01
3.682337701320648193e-01
3.667241334915161133e-01
7.171677350997924805e-01
2.583592832088470459e-01
4.519703686237335205e-01
5.990524888038635254e-01
4.147409796714782715e-01
6.925803422927856445e-01
4.869156777858734131e-01
3.479604721069335938e-01
6.489658951759338379e-01
5.885185599327087402e-01
8.807810544967651367e-01
8.069347143173217773e-01
3.569514155387878418e-01
2.773391306400299072e-01
6.617081165313720703e-01
4.414243400096893311e-01
5.524959564208984375e-01
6.117580533027648926e-01
6.447950601577758789e-01
3.085464835166931152e-01
4.185048937797546387e-01
5.214703083038330078e-01
5.263683795928955078e-01
2.831815779209136963e-01
5.309549570083618164e-01
7.162587642669677734e-01
3.174417912960052490e-01
7.706547379493713379e-01
2.029444724321365356e-01
6.139723658561706543e-01
5.704295635223388672e-01
7.222506999969482422e-01
3.322706222534179688e-01
4.088421463966369629e-01
1.923151463270187378e-01
5.009647607803344727e-01
3.080600500106811523e-01
3.314401805400848389e-01
4.267870783805847168e-01
6.139038205146789551e-01
5.973274707794189453e-01
5.287801027297973633e-01
4.538403451442718506e-01
7.501474618911743164e-01
4.431968629360198975e-01
4.735553860664367676e-01
6.689178347587585449e-01
6.896509528160095215e-01
6.785586476325988770e-01
8.622253537178039551e-01
4.712472558021545410e-01
3.610785603523254395e-01
4.254059791564941406e-01
4.860665202140808105e-01
5.378859043121337891e-01
5.362766385078430176e-01
4.820362627506256104e-01
4.937694072723388672e-01
5.648138523101806641e-01
6.263422369956970215e-01
3.200869858264923096e-01
4.051658511161804199e-01
1.699337959289550781e-01
5.931639671325683594e-01
5.531613826751708984e-01
5.406296253204345703e-01
7.381708025932312012e-01
5.624173283576965332e-01
5.662145614624023438e-01
3.737101554870605469e-01
3.697522878646850586e-01
3.303898274898529053e-01
5.174626708030700684e-01
4.695961177349090576e-01
6.122807860374450684e-01
6.176813840866088867e-01
3.123159408569335938e-01
3.025876879692077637e-01
4.707324504852294922e-01
6.565623879432678223e-01
4.322347939014434814e-01
4.349104762077331543e-01
6.909119486808776855e-01
6.278492212295532227e-01
6.032986640930175781e-01
7.778437137603759766e-01
6.631864309310913086e-01
7.395320534706115723e-01
