4.380528032779693604e-01
7.122368812561035156e-01
1.489189505577087402e+00
7.159352898597717285e-01
1.181237101554870605e+00
7.099893689155578613e-01
6.322897672653198242e-01
9.375186562538146973e-01
1.252241969108581543e+00
8.008437752723693848e-01
9.140427112579345703e-01
1.309114336967468262e+00
8.076122999191284180e-01
1.062119483947753906e+00
1.014816641807556152e+00
8.847448825836181641e-01
5.809412002563476562e-01
7.313371896743774414e-01
1.473652720451354980e+00
1.120412468910217285e+00
6.970103979110717773e-01
6.359505653381347656e-01
8.911978006362915039e-01
1.323705673217773438e+00
5.963826179504394531e-01
9.306778311729431152e-01
7.471118569374084473e-01
7.937716841697692871e-01
7.857729792594909668e-01
9.012515544891357422e-01
7.084425091743469238e-01
1.179790258407592773e+00
8.107354640960693359e-01
9.634809494018554688e-01
8.159836530685424805e-01
1.104853510856628418e+00
9.238171577453613281e-01
6.002782583236694336e-01
1.642759561538696289e+00
7.096048593521118164e-01
9.029758572578430176e-01
7.570251822471618652e-01
7.239136695861816406e-01
6.914379596710205078e-01
1.115919470787048340e+00
1.476502180099487305e+00
1.068168044090270996e+00
1.168053507804870605e+00
7.747014760971069336e-01
7.396587729454040527e-01
7.467562556266784668e-01
1.036206483840942383e+00
9.300603866577148438e-01
5.578541755676269531e-01
1.024401187896728516e+00
7.568731904029846191e-01
1.200497627258300781e+00
9.694225192070007324e-01
1.092865347862243652e+00
6.215724349021911621e-01
8.146212697029113770e-01
8.612437844276428223e-01
6.575235724449157715e-01
7.286198735237121582e-01
7.967430353164672852e-01
1.331759810447692871e+00
8.029290437698364258e-01
7.697658538818359375e-01
6.692373752593994141e-01
1.081962943077087402e+00
1.534389138221740723e+00
6.902009248733520508e-01
1.171905994415283203e+00
6.612673997879028320e-01
6.379835605621337891e-01
6.232099533081054688e-01
1.083063483238220215e+00
6.082069277763366699e-01
1.065923452377319336e+00
7.919099926948547363e-01
1.549520611763000488e+00
8.256281614303588867e-01
7.630224227905273438e-01
9.516913890838623047e-01
8.635696768760681152e-01
9.487756490707397461e-01
5.472217798233032227e-01
9.523777365684509277e-01
1.767412424087524414e+00
1.018932700157165527e+00
5.339476466178894043e-01
1.135136008262634277e+00
8.315501213073730469e-01
1.203649401664733887e+00
1.068232417106628418e+00
6.159492135047912598e-01
9.795448780059814453e-01
1.501510143280029297e+00
1.438223242759704590e+00
9.620923399925231934e-01
9.847251772880554199e-01
1.079854369163513184e+00
6.857600808143615723e-01
7.164539694786071777e-01
8.207106590270996094e-01
1.181644678115844727e+00
9.944683909416198730e-01
1.399322032928466797e+00
1.410573124885559082e+00
1.572808146476745605e+00
7.385265827178955078e-01
1.007651925086975098e+00
1.204877138137817383e+00
1.264261603355407715e+00
5.940022468566894531e-01
9.346336126327514648e-01
7.591150403022766113e-01
1.309426069259643555e+00
8.587768673896789551e-01
9.185158014297485352e-01
1.586401820182800293e+00
1.058449745178222656e+00
1.101044297218322754e+00
1.070010900497436523e+00
8.516647219657897949e-01
1.467564582824707031e+00
1.029356956481933594e+00
6.128684282302856445e-01
6.034781932830810547e-01
8.212886452674865723e-01
1.117012500762939453e+00
1.487448453903198242e+00
7.941427826881408691e-01
6.631384491920471191e-01
9.889144897460937500e-01
8.234620094299316406e-01
6.087098717689514160e-01
1.395910024642944336e+00
9.025840759277343750e-01
1.236146092414855957e+00
9.535388946533203125e-01
8.057135343551635742e-01
6.454855799674987793e-01
1.402605175971984863e+00
1.095879554748535156e+00
7.608202695846557617e-01
7.883732318878173828e-01
1.146962285041809082e+00
7.732914686203002930e-01
8.106792569160461426e-01
1.485513210296630859e+00
1.154741764068603516e+00
9.775922298431396484e-01
8.799168467521667480e-01
1.042621493339538574e+00
8.895100355148315430e-01
6.899874806404113770e-01
9.899052381515502930e-01
7.339780926704406738e-01
9.293798208236694336e-01
6.531038284301757812e-01
5.735691785812377930e-01
1.589571952819824219e+00
7.610251903533935547e-01
8.948857188224792480e-01
1.333919405937194824e+00
7.348974347114562988e-01
7.535060644149780273e-01
8.708896636962890625e-01
1.356531739234924316e+00
1.311590552330017090e+00
1.403363585472106934e+00
9.470226764678955078e-01
1.199008464813232422e+00
1.061594486236572266e+00
9.530666470527648926e-01
9.942709803581237793e-01
1.070747375488281250e+00
7.434473633766174316e-01
4.994033277034759521e-01
1.409000158309936523e+00
8.401487469673156738e-01
1.020535111427307129e+00
2.043113708496093750e+00
6.514536142349243164e-01
1.253400564193725586e+00
6.296046972274780273e-01
6.543942093849182129e-01
9.055629372596740723e-01
1.154216408729553223e+00
1.080080628395080566e+00
6.132056117057800293e-01
1.041542887687683105e+00
1.187049627304077148e+00
7.813612818717956543e-01
1.248813986778259277e+00
1.762189269065856934e+00
9.954314827919006348e-01
7.224335074424743652e-01
8.466984629631042480e-01
8.615276813507080078e-01
1.021719217300415039e+00
7.777485251426696777e-01
1.203377485275268555e+00
7.378543019294738770e-01
9.019199609756469727e-01
1.099202036857604980e+00
8.983411192893981934e-01
1.464424490928649902e+00
1.307928919792175293e+00
1.106029629707336426e+00
1.775060415267944336e+00
9.308421015739440918e-01
8.530825972557067871e-01
1.064843893051147461e+00
8.262378573417663574e-01
9.984693527221679688e-01
6.441778540611267090e-01
1.407453060150146484e+00
8.283712267875671387e-01
9.264859557151794434e-01
9.737098217010498047e-01
6.717393398284912109e-01
9.660494327545166016e-01
9.534402489662170410e-01
1.006297707557678223e+00
8.948107957839965820e-01
8.635669946670532227e-01
9.109269380569458008e-01
7.717581987380981445e-01
6.491762995719909668e-01
1.037054419517517090e+00
1.067029833793640137e+00
1.028928399085998535e+00
5.645381212234497070e-01
9.361483454704284668e-01
6.498647928237915039e-01
9.051956534385681152e-01
7.890612483024597168e-01
1.180712223052978516e+00
9.330358505249023438e-01
5.880128741264343262e-01
1.186510086059570312e+00
2.666372992098331451e-02
5.731925368309020996e-01
1.047293663024902344e+00
1.024676084518432617e+00
7.214795351028442383e-01
9.677185416221618652e-01
1.421482920646667480e+00
8.297460079193115234e-01
1.299163341522216797e+00
8.954964280128479004e-01
1.361153006553649902e+00
1.096211552619934082e+00
8.132656812667846680e-01
1.713080644607543945e+00
6.483381390571594238e-01
8.981449007987976074e-01
8.423500657081604004e-01
1.255782842636108398e+00
1.016698241233825684e+00
8.334879279136657715e-01
7.942193746566772461e-01
1.045525670051574707e+00
7.534896731376647949e-01
6.936628818511962891e-01
4.707621634006500244e-01
9.323868155479431152e-01
1.067062973976135254e+00
6.676860451698303223e-01
1.566467404365539551e+00
1.089664459228515625e+00
8.848688006401062012e-01
1.220339655876159668e+00
1.176182508468627930e+00
1.254676699638366699e+00
1.469006419181823730e+00
6.632944345474243164e-01
1.500231504440307617e+00
1.246852159500122070e+00
9.047179818153381348e-01
8.939174413681030273e-01
1.354332447052001953e+00
8.776584267616271973e-01
7.857311367988586426e-01
8.680355548858642578e-01
1.339248180389404297e+00
7.883164882659912109e-01
1.042963743209838867e+00
1.033588051795959473e+00
8.279371857643127441e-01
8.699970841407775879e-01
1.132559180259704590e+00
7.279249429702758789e-01
5.259331464767456055e-01
8.953016996383666992e-01
7.227767705917358398e-01
7.988488674163818359e-01
1.164117693901062012e+00
9.308450222015380859e-01
1.213533401489257812e+00
8.737083077430725098e-01
6.680940389633178711e-01
6.782063841819763184e-01
1.009421348571777344e+00
9.055532813072204590e-01
7.285948991775512695e-01
1.245633125305175781e+00
9.166080951690673828e-01
9.143514633178710938e-01
5.696830153465270996e-01
7.076522707939147949e-01
6.740151047706604004e-01
7.334135770797729492e-01
1.239507794380187988e+00
8.397306799888610840e-01
1.024977207183837891e+00
1.010704755783081055e+00
1.939569830894470215e+00
9.789313077926635742e-01
1.427582025527954102e+00
5.456762313842773438e-01
8.589971065521240234e-01
6.992278099060058594e-01
5.895135998725891113e-01
8.011628389358520508e-01
6.659099459648132324e-01
7.332207560539245605e-01
7.970259189605712891e-01
1.179213166236877441e+00
2.377732276916503906e+00
1.175899744033813477e+00
9.659276604652404785e-01
8.342857956886291504e-01
7.907781600952148438e-01
9.573210477828979492e-01
8.213623762130737305e-01
7.311121225357055664e-01
7.014926075935363770e-01
7.935757040977478027e-01
1.168512105941772461e+00
5.875051617622375488e-01
7.781292796134948730e-01
8.082893490791320801e-01
1.219111204147338867e+00
9.555082321166992188e-01
6.750195622444152832e-01
1.074236989021301270e+00
1.294690012931823730e+00
1.136740803718566895e+00
9.544153213500976562e-01
9.943078756332397461e-01
9.608244299888610840e-01
1.044503450393676758e+00
5.642002224922180176e-01
5.610308051109313965e-01
1.125265717506408691e+00
7.243903875350952148e-01
8.095496296882629395e-01
8.936585187911987305e-01
1.080971717834472656e+00
9.906942844390869141e-01
1.769146800041198730e+00
1.343720316886901855e+00
1.177608966827392578e+00
1.094478607177734375e+00
1.284880518913269043e+00
8.791344165802001953e-01
8.985838294029235840e-01
6.239307522773742676e-01
1.406536817550659180e+00
7.665607333183288574e-01
8.385226130485534668e-01
1.514455556869506836e+00
1.047355771064758301e+00
5.336865186691284180e-01
9.996721744537353516e-01
6.204668879508972168e-01
8.140408992767333984e-01
1.380065441131591797e+00
1.174854278564453125e+00
1.209318280220031738e+00
8.319458961486816406e-01
7.604980468750000000e-01
6.929528117179870605e-01
1.225983142852783203e+00
1.469572782516479492e+00
8.449122309684753418e-01
6.759743094444274902e-01
8.353908658027648926e-01
6.933910846710205078e-01
7.473140954971313477e-01
7.914363741874694824e-01
9.323452115058898926e-01
2.877470016479492188e+00
1.051564216613769531e+00
5.764941573143005371e-01
7.839758396148681641e-01
1.050072908401489258e+00
8.403322100639343262e-01
1.350136637687683105e+00
9.227112531661987305e-01
8.082699179649353027e-01
1.276931524276733398e+00
9.871051311492919922e-01
7.850281596183776855e-01
8.954838514328002930e-01
2.356661856174468994e-02
9.251858592033386230e-01
1.124413490295410156e+00
1.076848983764648438e+00
7.222232222557067871e-01
1.141025543212890625e+00
1.082622528076171875e+00
1.033013939857482910e+00
1.260322451591491699e+00
7.556313276290893555e-01
5.966193079948425293e-01
1.146399497985839844e+00
1.124106049537658691e+00
8.453896045684814453e-01
1.186689496040344238e+00
7.583736181259155273e-01
2.428619936108589172e-02
1.132049202919006348e+00
1.614733934402465820e+00
6.890934705734252930e-01
1.722665667533874512e+00
1.256174087524414062e+00
8.998408317565917969e-01
1.142451167106628418e+00
1.698576211929321289e+00
9.055910110473632812e-01
6.347720623016357422e-01
1.014326333999633789e+00
9.456484317779541016e-01
1.086028337478637695e+00
9.654029607772827148e-01
1.117129087448120117e+00
5.786834955215454102e-01
9.770656228065490723e-01
6.541097760200500488e-01
1.161285996437072754e+00
6.483889222145080566e-01
1.008591890335083008e+00
6.936514973640441895e-01
6.892033815383911133e-01
8.694955110549926758e-01
1.107960700988769531e+00
8.058431744575500488e-01
1.092463731765747070e+00
7.608950138092041016e-01
9.819412231445312500e-01
5.786072611808776855e-01
6.357603073120117188e-01
6.705120205879211426e-01
1.043555974960327148e+00
8.745948672294616699e-01
9.438297152519226074e-01
5.692373514175415039e-01
1.294187903404235840e+00
1.017537593841552734e+00
9.799539446830749512e-01
9.175348877906799316e-01
8.936049938201904297e-01
1.336435675621032715e+00
6.236901283264160156e-01
1.253911018371582031e+00
1.666166424751281738e+00
1.020034909248352051e+00
1.297035336494445801e+00
8.209289908409118652e-01
1.442611932754516602e+00
1.117096424102783203e+00
8.310489654541015625e-01
8.566226363182067871e-01
1.381092429161071777e+00
1.338581323623657227e+00
7.670671343803405762e-01
7.666767239570617676e-01
9.263060688972473145e-01
1.254628658294677734e+00
7.173751592636108398e-01
7.543603181838989258e-01
8.483022451400756836e-01
9.305663704872131348e-01
6.481506824493408203e-01
1.038685798645019531e+00
8.194744586944580078e-01
8.047842979431152344e-01
1.336880564689636230e+00
6.315404176712036133e-01
1.580030202865600586e+00
1.186725497245788574e+00
1.003410577774047852e+00
1.075882554054260254e+00
9.670475125312805176e-01
8.028132915496826172e-01
8.548721075057983398e-01
5.514099001884460449e-01
8.715383410453796387e-01
1.393951535224914551e+00
2.081542730331420898e+00
9.856244921684265137e-01
1.005530953407287598e+00
1.271136403083801270e+00
8.643026947975158691e-01
6.745300292968750000e-01
1.341883540153503418e+00
1.164276003837585449e+00
6.979981660842895508e-01
1.242789983749389648e+00
1.119575500488281250e+00
1.164398908615112305e+00
1.385297656059265137e+00
9.210649132728576660e-01
9.283003211021423340e-01
1.456764698028564453e+00
1.256913304328918457e+00
7.761956453323364258e-01
7.112955451011657715e-01
5.009299516677856445e-01
7.522094249725341797e-01
1.048627734184265137e+00
1.219067811965942383e+00
9.148198366165161133e-01
8.829384446144104004e-01
7.638176679611206055e-01
1.239105701446533203e+00
6.316409707069396973e-01
7.611359953880310059e-01
6.948033571243286133e-01
1.381264328956604004e+00
8.689185380935668945e-01
8.895355463027954102e-01
1.054344296455383301e+00
8.364887833595275879e-01
1.321401953697204590e+00
1.302901864051818848e+00
8.095431923866271973e-01
1.288876891136169434e+00
9.984517097473144531e-01
1.786383271217346191e+00
1.514395594596862793e+00
7.016111016273498535e-01
9.758737087249755859e-01
5.401282906532287598e-01
6.107117533683776855e-01
1.218447327613830566e+00
1.204621434211730957e+00
1.318611502647399902e+00
8.577377796173095703e-01
1.085565567016601562e+00
9.166983366012573242e-01
8.615765571594238281e-01
1.176877975463867188e+00
8.376518487930297852e-01
1.046751737594604492e+00
1.253423571586608887e+00
6.379707455635070801e-01
6.841567158699035645e-01
6.517815589904785156e-01
6.587941646575927734e-01
1.498408555984497070e+00
1.294912099838256836e+00
1.027531266212463379e+00
9.270533919334411621e-01
1.226686000823974609e+00
7.034238576889038086e-01
5.688289403915405273e-01
2.046386003494262695e+00
8.203375339508056641e-01
1.438845515251159668e+00
8.190858960151672363e-01
7.906081080436706543e-01
6.054098010063171387e-01
6.163153052330017090e-01
1.113327860832214355e+00
9.370824098587036133e-01
5.952227711677551270e-01
7.749893665313720703e-01
9.171099066734313965e-01
1.721354722976684570e+00
7.602695226669311523e-01
1.110782623291015625e+00
6.975598931312561035e-01
1.309940218925476074e+00
1.085229754447937012e+00
1.168030738830566406e+00
9.098472595214843750e-01
1.209628462791442871e+00
1.001298427581787109e+00
1.297658205032348633e+00
9.217129945755004883e-01
9.163991212844848633e-01
8.580671548843383789e-01
9.566562175750732422e-01
9.653220176696777344e-01
7.385268807411193848e-01
1.114238619804382324e+00
1.185531973838806152e+00
7.313316464424133301e-01
8.407391905784606934e-01
5.556875467300415039e-01
5.435196757316589355e-01
6.415523886680603027e-01
8.744947314262390137e-01
9.125898480415344238e-01
9.061914086341857910e-01
1.165186882019042969e+00
7.768741250038146973e-01
1.020239114761352539e+00
9.860427379608154297e-01
1.237153649330139160e+00
7.061119675636291504e-01
6.351347565650939941e-01
1.227656722068786621e+00
7.806146740913391113e-01
8.188820481300354004e-01
7.882912158966064453e-01
8.994075655937194824e-01
6.298726797103881836e-01
8.430218100547790527e-01
8.523693680763244629e-01
7.052571773529052734e-01
1.160474300384521484e+00
8.975777029991149902e-01
8.726347684860229492e-01
5.953376889228820801e-01
9.898819327354431152e-01
7.599802017211914062e-01
1.074944019317626953e+00
8.042808175086975098e-01
8.850708603858947754e-01
6.518645286560058594e-01
9.437890052795410156e-01
8.191664218902587891e-01
9.457843899726867676e-01
1.065819382667541504e+00
1.251882076263427734e+00
8.302543759346008301e-01
9.413582682609558105e-01
9.411534070968627930e-01
7.988523840904235840e-01
1.175372123718261719e+00
1.042824268341064453e+00
6.610162258148193359e-01
9.482759833335876465e-01
1.400614857673645020e+00
9.643408060073852539e-01
7.738834619522094727e-01
9.427211284637451172e-01
7.900649309158325195e-01
9.682533740997314453e-01
1.538139343261718750e+00
1.069942831993103027e+00
9.706019163131713867e-01
1.151262521743774414e+00
7.059116363525390625e-01
8.794459104537963867e-01
8.760325312614440918e-01
8.576578497886657715e-01
9.005278348922729492e-01
6.150818467140197754e-01
1.083070755004882812e+00
3.154179751873016357e-01
5.550537705421447754e-01
9.746419787406921387e-01
9.133344292640686035e-01
7.085701227188110352e-01
1.108431816101074219e+00
1.059396386146545410e+00
6.438257098197937012e-01
1.581660270690917969e+00
7.175254225730895996e-01
1.134642124176025391e+00
7.372103929519653320e-01
7.246507406234741211e-01
9.465404748916625977e-01
6.799640655517578125e-01
9.284881949424743652e-01
1.108636021614074707e+00
5.783333778381347656e-01
9.297657608985900879e-01
1.343897581100463867e+00
7.459251284599304199e-01
7.662569880485534668e-01
1.155074596405029297e+00
1.275635957717895508e+00
8.767336010932922363e-01
9.741196036338806152e-01
6.318826079368591309e-01
8.089128732681274414e-01
7.600340247154235840e-01
8.650475740432739258e-01
7.223820686340332031e-01
7.183981537818908691e-01
8.477172255516052246e-01
9.218041896820068359e-01
8.154281973838806152e-01
5.500616431236267090e-01
7.120290398597717285e-01
9.203220605850219727e-01
1.039976000785827637e+00
6.630952954292297363e-01
9.046233892440795898e-01
8.090807199478149414e-01
1.394368290901184082e+00
1.085450410842895508e+00
1.224293708801269531e+00
8.866975903511047363e-01
6.892769336700439453e-01
9.236015081405639648e-01
6.442170143127441406e-01
6.142892241477966309e-01
1.803755879402160645e+00
9.092761278152465820e-01
7.601674199104309082e-01
6.057988405227661133e-01
1.310972452163696289e+00
7.346767187118530273e-01
5.247194766998291016e-01
7.287685871124267578e-01
1.036552548408508301e+00
8.370257019996643066e-01
1.211930036544799805e+00
1.567378282546997070e+00
9.350068569183349609e-01
8.000005483627319336e-01
8.639011979103088379e-01
2.730453491210937500e+00
1.042879462242126465e+00
1.708062767982482910e+00
4.623721837997436523e-01
7.965914011001586914e-01
1.125169754028320312e+00
1.448003411293029785e+00
8.883350491523742676e-01
5.780731439590454102e-01
1.418616652488708496e+00
5.661303997039794922e-01
8.751393556594848633e-01
6.877949833869934082e-01
6.748107671737670898e-01
9.285638928413391113e-01
8.920044302940368652e-01
8.633814454078674316e-01
1.220434188842773438e+00
1.099961638450622559e+00
8.003598451614379883e-01
1.139153122901916504e+00
9.904726147651672363e-01
8.396134376525878906e-01
1.262596368789672852e+00
1.054894089698791504e+00
6.915020942687988281e-01
8.046705722808837891e-01
6.943784356117248535e-01
8.343026041984558105e-01
6.135470271110534668e-01
9.540352225303649902e-01
7.198098301887512207e-01
9.484326839447021484e-01
7.359474897384643555e-01
7.541732788085937500e-01
6.793494224548339844e-01
1.093294978141784668e+00
6.162839531898498535e-01
8.091605305671691895e-01
1.087848663330078125e+00
8.765021562576293945e-01
8.693465590476989746e-01
1.093130588531494141e+00
7.650836110115051270e-01
6.271097660064697266e-01
1.053849935531616211e+00
1.284013390541076660e+00
5.368583202362060547e-01
1.078504323959350586e+00
6.130059361457824707e-01
6.296216249465942383e-01
5.823999047279357910e-01
1.595131874084472656e+00
8.951859474182128906e-01
9.010258316993713379e-01
6.478235125541687012e-01
6.726625561714172363e-01
1.209729671478271484e+00
7.698324918746948242e-01
8.074772357940673828e-01
9.202228784561157227e-01
1.096335411071777344e+00
1.771201968193054199e+00
1.480398893356323242e+00
9.907687902450561523e-01
9.588175415992736816e-01
9.193778634071350098e-01
1.446721196174621582e+00
7.541543841361999512e-01
1.468521595001220703e+00
6.153950691223144531e-01
7.279706001281738281e-01
8.044002056121826172e-01
9.046638011932373047e-01
9.584807157516479492e-01
1.951292991638183594e+00
1.349892139434814453e+00
1.766737937927246094e+00
1.042738914489746094e+00
5.757524967193603516e-01
7.420264482498168945e-01
7.817729115486145020e-01
1.087723374366760254e+00
1.306267857551574707e+00
7.450106143951416016e-01
7.222497463226318359e-01
1.046170949935913086e+00
8.224334716796875000e-01
1.373645782470703125e+00
7.242078781127929688e-01
1.071620583534240723e+00
7.293297052383422852e-01
1.523218274116516113e+00
7.115625739097595215e-01
8.046565055847167969e-01
1.337504982948303223e+00
7.611435055732727051e-01
7.304496169090270996e-01
6.795390248298645020e-01
8.188313841819763184e-01
9.382896423339843750e-01
9.832333326339721680e-01
6.613787412643432617e-01
8.949229121208190918e-01
1.071496367454528809e+00
1.105553150177001953e+00
1.212931632995605469e+00
7.394018173217773438e-01
8.946408033370971680e-01
8.614727854728698730e-01
1.623837471008300781e+00
7.806890010833740234e-01
9.264418482780456543e-01
9.137943983078002930e-01
1.110688924789428711e+00
9.191512465476989746e-01
1.179550528526306152e+00
1.468926310539245605e+00
7.437543869018554688e-01
1.243728637695312500e+00
7.865614295005798340e-01
1.263732552528381348e+00
1.174249768257141113e+00
1.048678398132324219e+00
5.479662418365478516e-01
1.028115987777709961e+00
1.864677786827087402e+00
5.722143650054931641e-01
8.259614109992980957e-01
1.225248694419860840e+00
1.308745861053466797e+00
1.105273246765136719e+00
6.914567947387695312e-01
1.209011316299438477e+00
9.766842126846313477e-01
9.531894922256469727e-01
8.439951539039611816e-01
1.238092184066772461e+00
8.276669383049011230e-01
9.105848670005798340e-01
2.401248455047607422e+00
8.288577795028686523e-01
2.010893106460571289e+00
1.064263463020324707e+00
1.527654409408569336e+00
8.020996451377868652e-01
1.072826147079467773e+00
8.333389163017272949e-01
5.388490557670593262e-01
1.175156474113464355e+00
1.530388951301574707e+00
1.189085125923156738e+00
9.088696241378784180e-01
8.165891170501708984e-01
1.840595364570617676e+00
1.018182277679443359e+00
9.675105810165405273e-01
1.124846816062927246e+00
6.835391521453857422e-01
8.050014972686767578e-01
5.803654789924621582e-01
8.574477434158325195e-01
9.438665509223937988e-01
1.141925454139709473e+00
5.937442779541015625e-01
6.011795997619628906e-01
8.905880451202392578e-01
6.703643798828125000e-01
8.583351969718933105e-01
6.207948327064514160e-01
8.041831254959106445e-01
6.798601746559143066e-01
1.542469620704650879e+00
8.638083338737487793e-01
1.082628488540649414e+00
9.401683211326599121e-01
9.026550054550170898e-01
8.557472825050354004e-01
8.144010305404663086e-01
1.093942046165466309e+00
6.287304162979125977e-01
1.540573835372924805e+00
1.045125007629394531e+00
1.124074578285217285e+00
2.181255578994750977e+00
1.460462212562561035e+00
9.627894759178161621e-01
7.140936851501464844e-01
1.541691064834594727e+00
7.059062123298645020e-01
1.109144687652587891e+00
7.110728621482849121e-01
8.248216509819030762e-01
7.614841461181640625e-01
1.716045260429382324e+00
7.086884975433349609e-01
9.355208277702331543e-01
1.416808605194091797e+00
5.902688503265380859e-01
9.526197314262390137e-01
7.967224121093750000e-01
1.235162138938903809e+00
1.240372180938720703e+00
5.226742625236511230e-01
7.542470693588256836e-01
8.234046697616577148e-01
8.937485218048095703e-01
9.031589031219482422e-01
8.991127610206604004e-01
1.560184836387634277e+00
7.237029075622558594e-01
6.461085677146911621e-01
1.539247155189514160e+00
1.154913306236267090e+00
9.196888208389282227e-01
6.212344765663146973e-01
9.110656976699829102e-01
6.386476159095764160e-01
9.273080229759216309e-01
9.911212921142578125e-01
9.235097765922546387e-01
1.082437992095947266e+00
9.614039063453674316e-01
8.193315863609313965e-01
5.959734320640563965e-01
8.165193200111389160e-01
6.404224038124084473e-01
8.259100914001464844e-01
1.686361074447631836e+00
7.518657445907592773e-01
8.697641491889953613e-01
7.404024004936218262e-01
1.184128284454345703e+00
7.505134344100952148e-01
8.556844592094421387e-01
1.033059358596801758e+00
9.806503057479858398e-01
1.018931388854980469e+00
7.353737950325012207e-01
9.302970767021179199e-01
9.722823500633239746e-01
8.177058100700378418e-01
1.182102322578430176e+00
8.404564261436462402e-01
1.044208645820617676e+00
5.521349906921386719e-01
1.169130921363830566e+00
8.418385982513427734e-01
5.435746908187866211e-01
6.656623482704162598e-01
8.198650479316711426e-01
9.848286509513854980e-01
8.571745753288269043e-01
9.218239784240722656e-01
1.311418414115905762e+00
1.365416169166564941e+00
9.198435544967651367e-01
8.380457758903503418e-01
1.003555536270141602e+00
5.819097757339477539e-01
1.044995069503784180e+00
6.996061205863952637e-01
6.977840662002563477e-01
7.539670467376708984e-01
6.584169864654541016e-01
6.665082573890686035e-01
7.653991580009460449e-01
7.520896792411804199e-01
