8.573203257925767762e-01
9.165028868632720815e-01
6.774501481488707233e-01
8.095952242957874523e-01
7.100149123407242246e-01
7.570232254300878205e-01
7.841428320801691054e-01
8.697667376897587621e-01
7.094547858482567193e-01
9.017347870248274555e-01
8.235156626937515378e-01
7.739222092336507375e-01
8.620683887741288354e-01
7.509004009764010945e-01
7.579716063449495334e-01
8.958709434543415950e-01
7.524508867592150096e-01
7.598883120722564888e-01
7.872261339085011578e-01
7.427669933706818606e-01
8.876907438590152521e-01
8.843487774870671947e-01
8.010875659785362535e-01
9.728993175638049884e-01
1.007662507455852285e+00
7.447531957486304144e-01
