-6.373842692423325497e-03
-6.338195365333638802e-03
-1.177490714337775524e-02
-5.606582428469038606e-03
-1.252291028677605944e-02
-5.301566494939229969e-03
-3.449338009195156932e-03
-6.729119716326102153e-03
-7.928515458447464581e-03
-2.830237047419648273e-03
-5.438716577853682996e-03
-6.641176079002992019e-03
-3.646317425695861855e-03
-9.506792726604996677e-03
-4.316904204259550994e-03
-7.116346930871734686e-03
-8.847040243162558257e-03
-9.355083768000567804e-03
-6.009616405831428101e-03
-1.322460492800019670e-02
-5.221834815678836825e-03
-5.992843521314085084e-03
-9.258628539031039939e-03
-1.898668418953655462e-03
-1.642182214844679434e-03
-7.398338517897079351e-03
