1.000000000000000000e+02
9.000000000000000000e+01
1.390000000000000000e+02
5.700000000000000000e+01
3.200000000000000000e+01
9.800000000000000000e+01
8.100000000000000000e+01
1.250000000000000000e+02
8.700000000000000000e+01
1.190000000000000000e+02
1.770000000000000000e+02
1.210000000000000000e+02
1.460000000000000000e+02
1.330000000000000000e+02
2.500000000000000000e+01
6.600000000000000000e+01
3.800000000000000000e+01
3.500000000000000000e+01
3.800000000000000000e+01
1.270000000000000000e+02
6.300000000000000000e+01
1.840000000000000000e+02
4.000000000000000000e+01
1.110000000000000000e+02
6.100000000000000000e+01
2.900000000000000000e+01
6.800000000000000000e+01
