1.818000000000000000e+04
1.892500000000000000e+04
2.055400000000000000e+04
1.987300000000000000e+04
1.695000000000000000e+04
2.121200000000000000e+04
2.065700000000000000e+04
2.057500000000000000e+04
1.855700000000000000e+04
2.140700000000000000e+04
1.949200000000000000e+04
1.977200000000000000e+04
2.090900000000000000e+04
2.173200000000000000e+04
1.624000000000000000e+04
1.829200000000000000e+04
1.595500000000000000e+04
1.545500000000000000e+04
1.642400000000000000e+04
1.860600000000000000e+04
2.023200000000000000e+04
1.862900000000000000e+04
1.688600000000000000e+04
1.883100000000000000e+04
1.876700000000000000e+04
1.649200000000000000e+04
2.043400000000000000e+04
