-3.467259735612766326e-03
-1.473845324276153775e-03
1.615275804388214675e-03
-1.980487075207072734e-02
-6.857232337919577517e-04
-9.727791844363935713e-04
1.156921403569059889e-03
-2.575053719077252928e-03
-1.025169950141490045e-02
1.479574912771484312e-04
1.421711157938485676e-04
5.212086928079489234e-04
-1.398423470062782736e-03
-2.368124839672968579e-02
-7.400024581777353561e-02
-1.450249887328021632e-02
-1.029716211750549351e-02
-7.559967767523153442e-03
-4.325007906146922237e-02
-9.908170344885579295e-03
-3.535349572829066950e-02
-4.738280338062175051e-02
-1.194611865077834390e-03
-3.116608834916576032e-02
-1.022371043231935263e-02
-2.120179958986596544e-02
2.733069539399279337e-04
-2.165258191991814574e-03
-2.244179750886806865e-02
-1.189519258128403411e-03
-1.577655685874613731e-02
-1.755726084711151330e-04
-1.044619526239380002e-04
-3.388593759165741304e-04
-9.380374239261292987e-04
-8.556134801918864607e-03
-5.800264365022890674e-03
-1.019798540821938160e-02
-8.130540683802292903e-03
-7.361643946413191052e-03
1.601764356871019377e-03
-7.436170475993648769e-03
-5.122515797454461201e-03
-1.676436056677920068e-03
-5.812452358697688809e-03
-1.704084629487335762e-03
-3.810046996866955221e-02
-1.302668018612731550e-02
-1.225093956270174389e-03
-4.030068687068335967e-04
-1.123714281391768356e-02
-2.893187385344906347e-03
-3.280518244754847094e-03
-5.307930880910848373e-03
-1.460942434090783948e-02
-2.256638042880206756e-04
-9.064290169028535113e-03
-1.702991633056252091e-02
-8.374554990999951570e-03
-1.835164475833884253e-03
-1.424274141475614323e-03
1.636062736299426028e-04
7.670045674634819698e-04
-5.460143914069795316e-03
-7.830658556023054051e-02
-2.022723596594780664e-03
-3.141452793506097074e-02
1.151154892493581796e-03
-3.271341925978020048e-03
-2.829234552775620765e-03
-4.458312655123520402e-03
5.508595394144782595e-04
-3.304730966651180189e-03
-2.035976993776879990e-02
-4.940925897015644580e-03
-1.123422605136453973e-03
-1.897856245578372807e-03
-8.342492777920668817e-03
-9.065316761208804452e-04
-4.005478689210081183e-03
-3.657688097707458008e-02
-6.214532143121075797e-03
-2.312473812739326839e-02
-1.202737601495016068e-03
-9.059377857601821904e-02
-1.691722656540073019e-02
4.423775222483916506e-04
-4.724745100165599586e-03
1.174959182053492883e-03
-8.396830300864476654e-03
-8.691458077914609656e-03
-8.800654246888110419e-03
3.595150715196347539e-04
-6.407528406531539343e-03
1.810872206242792855e-03
-7.111673142407887172e-02
-1.014464360066087700e-02
-1.748044632542835632e-03
1.633661707693136146e-04
-9.088875010184047564e-04
-3.512489423411779832e-02
-1.971651079097385406e-01
-7.970659873232158188e-03
-6.372457676738447173e-03
-3.457031330569803468e-03
-1.038670960464060716e-04
-3.242703937133351033e-02
-6.344056458724825530e-04
-2.531551993243227189e-03
-7.107069819992566616e-03
-7.069162550428642264e-03
-2.569402189686783092e-02
-1.344702576214373314e-02
-6.403186697315189045e-03
-1.470037172907685125e-03
-1.604627607652732565e-03
-8.766296745381964295e-03
-4.582460643961912446e-03
-8.100349542886521939e-03
-1.273903549756243148e-02
3.157402601716348747e-03
-1.091088382534893342e-03
-7.197190752767970365e-03
-1.423432638860534435e-02
9.435001206475364518e-04
-1.177748701481004696e-02
-1.225459143547594047e-02
-1.496430629255014397e-02
-5.338301875742980027e-04
-1.055815869337763113e-02
-6.876096779644524232e-04
-8.959382893363108643e-04
-3.568431053044256326e-04
-3.984996144756329517e-03
-3.220526251245059424e-02
-1.051496288916757733e-02
-4.297370084934445944e-02
-2.181443391932683801e-02
-3.083909236930024774e-03
-3.486210530618850511e-03
-8.007732311494869873e-03
6.199832754988762924e-05
-2.826647891896640064e-02
-3.732428961829958869e-03
-2.049988278228026539e-02
-1.975091410653074392e-02
-1.659118308317793613e-03
-6.859418094259881957e-03
-4.600051796541691079e-03
-3.616220775065061982e-02
-2.432996882656377965e-02
-6.355933641587416250e-03
-3.602854012150888321e-03
-1.383843382813436558e-02
-3.044782578443363304e-03
3.362204073134746995e-04
-2.747760029082011238e-02
-5.841576195235669879e-03
-5.391677662088013162e-02
-1.261035093420954109e-03
-1.093151246744597949e-04
-5.714648693478373807e-03
-1.577605841513781554e-03
7.875365057781547398e-04
-3.734411435064662749e-02
-8.555982495627584283e-02
-2.809686323675800179e-03
-5.475873096528044263e-03
-4.158990901159488607e-02
-6.218241234854648969e-03
-1.857468106247688521e-03
-9.549568493413248876e-04
-3.290166025985711163e-03
-3.245634496450317680e-02
-8.258580190887177333e-03
-3.024708392364763160e-03
-1.983182622883519937e-03
-2.277155195588792611e-04
-3.287770327291337884e-03
-7.641462149140691891e-03
-5.838885144171368675e-03
-6.627386845591060581e-03
-1.456566018043480839e-03
-3.776657980868911024e-02
-1.495736374084779760e-02
-6.264258026000958310e-03
-5.107902729883738620e-03
-6.793093771180277888e-04
-6.293666374649709537e-03
-8.561406831899352060e-03
-2.151023811183776918e-02
-9.727610565381204777e-03
-8.075624332277505854e-03
9.834409211667931566e-04
-2.307970542306414866e-02
-2.041120016318619113e-02
-2.378242142020857777e-02
1.272675906886205910e-03
-3.572401423724293722e-03
-3.339845709282551062e-02
-3.555092299832605073e-03
-2.404557876094744369e-03
-5.323304179070352526e-02
-1.326651071413559617e-03
-5.604507534341791192e-03
-1.699873274785801283e-03
-7.320481076157454251e-04
-3.500243662207225357e-03
-8.873758153178513963e-03
-1.243050604555748445e-03
5.115296301985718629e-03
-4.189602420629255121e-03
-2.904081517729076387e-04
-4.149878215865120124e-03
2.120659229768452093e-03
-3.936539456819053255e-03
-2.059461811860562562e-03
-7.112330426097585208e-03
-1.721416556043565927e-03
6.507309187163728330e-05
-6.202221003418326335e-03
-4.860327718021546957e-03
-6.591335528946090302e-03
1.286684074894801693e-03
1.256284902246365166e-03
-4.178757564106651105e-03
1.292695495249795827e-04
-3.856086542085388619e-03
-6.404162390872334201e-03
-1.745285010839652754e-04
-3.611266020592006094e-03
-2.499154845733454148e-03
-6.429824261794680335e-03
-1.034216615606189634e-03
-1.829225523582919937e-03
-2.697882789590891448e-04
-1.065022064677282297e-02
-2.462634252713230987e-03
-4.185520528911679944e-02
-4.577446905957118124e-03
-1.516249634745039584e-02
-5.063531259434998072e-02
-1.734188077209821571e-02
-2.450083287460396667e-03
-2.695589748000182251e-02
-1.006475094227607739e-02
1.202102113165191659e-03
5.532042557030397538e-04
-3.014204466587647874e-02
-1.355626292264710056e-02
-6.900413227487796168e-03
-9.212899032318680806e-03
-1.061191551829887038e-02
-1.181671107787998819e-03
-4.667423010617053475e-02
-1.519750613054335646e-03
-1.001677531113804448e-02
-4.150459366507386512e-03
-2.157824254191746238e-03
-1.723131611989514329e-03
-9.279491235764787639e-04
-3.077397798045524140e-03
-7.765399168892098136e-02
-7.199349275863413562e-03
-7.994600909048833748e-03
-6.099413412835351551e-03
-2.177113063643740590e-02
-1.748996170687280990e-03
-1.421622221960918905e-02
-9.192279143745740386e-03
-7.665984273580915553e-03
-1.135622314601437803e-02
-2.865930350786944237e-04
-6.055952596849861931e-03
-9.045696671358246978e-04
-1.989387293544169020e-03
1.223157661975147548e-03
-4.481333276044999030e-03
-6.953321466773751749e-03
3.961099868114542968e-03
-1.561564496979924105e-03
-9.786558457832264177e-03
-6.105116317453361183e-03
1.724191169321856313e-04
-9.253095434361350083e-03
-5.427313667728332061e-04
-3.984903714602232132e-03
-7.465044952504325954e-03
-6.703206014349787599e-03
-4.480254957730962599e-03
3.563957944233724822e-04
-1.265767107918460213e-02
-7.002886543345309550e-03
-5.822116873536000922e-03
-9.537899599328228395e-03
-1.267440813221940889e-02
-2.435190347905562703e-03
-1.078739215054906053e-01
-1.626477003064658380e-02
-6.509793216529816910e-04
-1.176536374003688641e-03
-8.913067835708762821e-03
-7.319828014386617343e-03
-1.378777505654200063e-02
-1.693857204876345274e-03
-3.313674963236550725e-02
-1.227518612311330687e-03
-1.673142190965705781e-02
-1.404555779070983459e-02
-8.936361095801426124e-03
-3.830957853916614787e-03
4.682697131297338116e-04
-1.956911453357737616e-03
-1.979388006231719028e-03
-8.390326337644306645e-03
-3.209646477646219045e-03
-1.234671683758889688e-03
-1.685057486822434669e-02
-7.296313914250289641e-03
3.060663358305210188e-04
-1.950507803897082865e-02
-5.398281443162292192e-02
1.355759865631832707e-03
2.512356026731575164e-04
1.465948283351140415e-03
-4.898760875445702309e-03
7.692153630414535212e-04
-9.305336036856735969e-04
-2.933159023201912727e-02
6.528249861774541342e-04
-8.909913824772111384e-05
-3.881188121188489625e-03
-5.416970925700866774e-03
-6.378506209977105081e-03
-2.052579035074177799e-02
-1.907626027085085330e-02
-1.214941844362917196e-02
-6.320384477151178883e-03
-1.082806740629303939e-03
-2.061849884821887607e-02
-5.017722801848835228e-03
7.060597811128838846e-04
-1.996157294625669140e-02
-1.304649830443516470e-02
-6.211790705026753144e-03
-5.664532744942521632e-04
-7.820572519855996385e-03
-7.859761559981470747e-03
-8.049920085532736832e-04
-6.315329911549511822e-03
-8.319063333980459413e-03
-1.361747056627519905e-03
-8.240359054114167192e-03
-7.636413997767388558e-03
-3.528182206459263680e-03
-6.586765082266376071e-04
-1.258642387850108938e-03
-1.929830896297211884e-02
-1.437516008832570059e-02
-9.233511607302019239e-03
-1.516398412701115521e-02
-7.477774482429981997e-04
-3.651399984625671412e-03
-2.905148232960923747e-03
1.275237190175095284e-05
-5.408423525462537291e-04
2.742771656330939001e-03
4.967112244212755576e-04
-1.337039135946715626e-02
-1.832161953411606467e-02
-3.339628715603173807e-03
-1.450691203803802960e-02
-1.544044316788589777e-03
-1.016568356806460231e-02
-2.805582603285343077e-02
-2.187031239877470622e-03
-3.214733248069201032e-03
-2.226762598904080161e-04
-2.619466635001833866e-04
-5.837299650220600239e-02
-2.381884366742222439e-03
-1.427754560664980764e-02
7.993724675675026358e-04
-8.799158283717058160e-03
-1.491084951805316146e-02
-8.328837372849725446e-03
-1.177446579113581270e-02
-2.291568857498928538e-03
-1.692854938490956709e-02
-7.768004487211819728e-04
-2.886539010516339307e-02
-5.294243105743767818e-04
-6.906356443331393077e-03
-3.600926998934491502e-03
-8.587321587244315377e-05
-1.061565752848729963e-03
-2.557710464553730051e-02
-7.015264416822591855e-04
1.646800266026590426e-03
-1.173305946962184369e-03
-2.315976074153639364e-03
-2.227092939093902862e-03
-2.351951422553585219e-02
-1.490343183629889816e-02
-4.239510494567742122e-02
-1.816423273858990342e-03
-3.061606616662060094e-03
-9.860040429167146736e-03
-1.171659514177227600e-02
-1.134570029030575189e-02
-9.733043548833925605e-04
5.855599101156614864e-05
-3.060713060792953633e-03
-1.040787363847121318e-02
-2.330377573338581539e-04
-2.075153601029729612e-03
-4.583009765922105988e-03
-1.110243321579518780e-03
-2.855965389612744650e-03
-6.117322986887095693e-02
3.069072171092884814e-04
-5.672874381260960362e-04
-4.905089047727192487e-03
-1.341164918760026983e-02
-1.308451434144630157e-03
-4.580865554874946274e-03
-1.171005600226703545e-02
-1.924849554952498543e-02
-3.034203661526456951e-03
-2.718295029782964202e-03
-2.031623781837754023e-02
-5.653505423109394384e-03
-1.429756109124960366e-02
-1.886110463507179339e-03
-4.964848046833534451e-02
-2.845616822795225646e-03
-3.720284693436237602e-03
-1.528203910253124725e-03
-8.590884473251651429e-03
5.268346137047132463e-04
-4.816735297203119694e-03
-5.420710938055192142e-04
-1.421234253610988672e-02
2.452990698170168975e-04
-1.193575179123137521e-02
-9.621061148833937125e-04
-5.055000610433890533e-03
-1.137313903628214828e-02
3.811255046049753792e-04
-3.717339684199806593e-02
-4.017833114504079130e-03
4.639681629415436537e-04
-7.488685959969721903e-03
-2.777056408291401525e-03
-1.885947056762985168e-03
4.064517466962898709e-04
-2.794997232632329132e-02
-2.025114063717224373e-03
-2.532539921156543288e-04
-1.803958035020079538e-03
-2.615257642720552732e-03
-1.228548501201691574e-03
-4.164899481122631870e-03
-8.296044526949018902e-05
1.712801001679318917e-03
-2.237762908884159685e-03
-2.967553356880353599e-02
-1.250398116177642120e-02
-2.656263099735743823e-03
-1.242516211583813077e-02
-1.603416016683865269e-02
-2.769636642763647228e-03
-2.443599475907991259e-03
-7.131997516233887398e-03
-1.392454459203224708e-03
-2.812556342556042990e-02
-4.039966093028436386e-03
4.705665672015565092e-04
-3.547737429709437330e-03
-9.624529270641572765e-02
-5.198971664902830858e-02
-2.206832581350010817e-03
-1.768823547878114501e-03
4.319796474511783694e-04
-3.821869471476941130e-04
-7.757596897125300373e-02
-7.009662080388692068e-03
-7.737440944916748088e-03
-5.053024347962862227e-03
-3.650634488836260357e-03
-1.681692902850962998e-02
-3.544847050707862490e-02
-2.222944560362685382e-02
-1.505477490847305540e-02
-8.586613558292797294e-03
-4.799487405722854469e-03
-3.634983841618499162e-02
-9.192568659334293679e-04
-4.444819476066608037e-03
8.007044450574152478e-04
-2.345546995995831038e-02
-8.834010736595253321e-04
-2.893731327100696436e-03
-3.702286838224607291e-03
-5.859577280846844406e-03
9.454699410047759421e-04
-2.454501263828463148e-02
-2.088180591569907887e-03
-3.325555199440924717e-03
-3.065164244662041057e-02
-9.270187720218932281e-03
-7.529975973154592883e-03
-8.788868359436857042e-03
-1.339484475387291325e-02
-1.738519179478401110e-03
-1.741073672555792928e-02
-1.253671124983205681e-02
-4.547882251864431707e-03
-6.626972444041182367e-03
-6.891886717823113946e-04
-6.143342829460864997e-04
-1.664044056503051830e-02
-3.367769516891556264e-02
-1.521334716002073657e-03
-4.291112661041287385e-03
-2.031301418169002577e-03
-3.496428600293855632e-02
-4.640960644358661444e-03
-1.255184826969012873e-02
-5.944999661545461063e-03
-1.361706030837545045e-03
-2.817029863953387971e-03
-1.156106913417241124e-02
-1.288521509971575973e-03
-2.233021291215690415e-02
-2.497726509041310432e-04
-6.488966986367975670e-03
-1.738463316571467812e-02
-1.244184655310884291e-02
-2.865689863230230609e-03
-4.032400105405734708e-03
1.145960594042484730e-04
1.062506163960464896e-04
-1.498783002323626073e-02
-8.441315490165943874e-03
-1.705589940195586379e-02
-2.216458606469359077e-02
-1.184055001809305140e-02
-3.840688825273644216e-03
-2.607073420994139579e-02
-3.612820227232158964e-03
1.663030148929219021e-03
-6.184138472575517178e-04
-7.272722756796961598e-03
-5.841439123145990286e-03
-2.735868632753289242e-03
-3.656652941991821604e-03
-1.968804335737619777e-03
-1.741310463890331089e-02
-5.983930476906779844e-03
-6.249072322706675014e-04
-2.917199170309883478e-03
-1.081958933304476810e-02
-5.054168742166264411e-02
9.720948950823837071e-05
-5.811740119074977444e-03
-8.412833420677890946e-04
-3.581012560623949778e-03
-2.899581198724089995e-02
-5.038098834607156358e-03
-6.289225932896662548e-03
-2.967371972217297017e-03
-2.845717776866681439e-03
-2.848272607484161282e-03
7.517097278882484091e-04
-1.796387047910793589e-03
-2.168247013011413010e-03
-1.819248671321089736e-03
-1.793308662098421630e-02
1.128817652190428132e-04
-4.517123153404900560e-02
-2.468071149982121668e-02
-6.367357231540742013e-03
-1.285273978649998684e-02
-2.460756827527247389e-03
-2.050038784446595735e-02
-6.209311142185960832e-04
-8.118589424399911105e-04
-9.747351705684265816e-04
-8.791431977100449754e-03
-1.129141893398104626e-02
-8.618319487953189292e-03
-9.600121752185596449e-03
-5.509499352320179275e-03
-1.466312875236523228e-03
-9.104252108777121169e-03
-4.682482077294801599e-03
-1.735940132275382757e-03
-4.295120281826286628e-03
-2.109154662234220389e-03
-2.213798112817276682e-03
-4.543730232187342261e-02
-2.334438895719721796e-03
-3.120737238020916725e-04
-5.222693350946500633e-03
-3.872678133261690109e-02
-2.243197438783399531e-03
-8.738941533922694321e-03
-8.132222405995585823e-02
-3.700036613774084805e-03
-4.891087849473546535e-04
-5.244147876443237431e-04
-1.835510404346324745e-02
-1.039721137210624334e-02
1.424709184270457531e-03
8.172386884692815550e-04
-1.397684434272667385e-02
-1.846453212408614855e-03
-4.356504495259163473e-02
2.808838609642017882e-04
-6.950756001704883622e-04
-1.345445301001445791e-02
-8.393343191866027564e-03
8.225252691695982346e-04
-4.933542420867049333e-02
-2.159932407148720118e-02
-2.264716544878723255e-03
-1.597900645470058320e-02
-3.618810478208964697e-03
-5.824691863008932442e-03
-1.472312964059980210e-03
-1.626857543539551171e-02
-9.086314776186085740e-03
-5.739573894373863581e-03
-3.305811671127999608e-03
-8.450955745573004172e-04
6.587903275319478792e-04
2.226819904453833550e-03
-9.041224483481328372e-03
-2.116286559922475607e-02
1.560122803628789323e-03
-7.260667807707774958e-03
-3.880206405702454897e-03
-3.156434224941039729e-02
-2.748842287617190780e-02
-1.760647687593824492e-02
-3.988265898103148660e-03
-4.249591270360356977e-03
-2.420063453396806979e-02
-6.569321029401409403e-04
-6.023353588333810172e-05
-5.961696419699405274e-03
-1.858896227801516352e-02
4.827222766008072447e-04
-1.759825304020491352e-02
-1.358958298194651824e-02
-7.501226265326029971e-03
-8.499467489309520118e-03
-9.514657437117265276e-03
-3.141526437012326367e-02
-1.064844927093689005e-02
-1.938237606897351807e-03
-3.785992931912440188e-03
-7.287581843286571872e-05
-3.129088800529532255e-02
2.759585531769317545e-04
-9.919598050995291280e-03
-1.352602125578622819e-02
-5.065508178219226519e-03
-8.466630769470528256e-03
-5.560338795803806923e-04
-3.004202502471941746e-03
-6.481935745748333699e-02
-4.467700004344243858e-02
7.830766034188033227e-05
-1.073182606747621545e-03
-1.498207395201344230e-02
5.907393619665443673e-04
-1.042423926449851735e-03
-1.207124112851848050e-02
-2.132916783718746909e-03
-1.454001361422588984e-02
1.387191446512575687e-03
-2.830637540146584575e-03
-5.708936623835202638e-03
-1.161191516546126404e-03
-1.377768517764225726e-03
-2.160105535799601573e-03
-5.336323792946130219e-03
-1.095953511926937504e-02
-3.482220380838535901e-03
-7.744105062527041616e-02
1.438331953880500570e-03
1.293401471826358161e-03
-1.027532279961478057e-02
-7.682716658512191155e-02
-3.499694601361617169e-02
-2.886765908821030922e-03
-1.280121324892105139e-03
-1.299508925849987215e-02
-7.724788508213136298e-03
2.026324775531446274e-03
-2.120976820056410736e-02
-2.852996278582895472e-03
-3.114301412193395610e-03
-1.647414784519312834e-03
-7.086566786018369188e-03
4.974562596822511415e-04
-8.513205113503974700e-03
-2.708903615986695684e-02
-8.835671531088373776e-02
-3.267040599857125999e-02
-1.228199441443940561e-02
6.599007186629088535e-04
-4.102406709906817749e-04
2.285234181594943972e-04
-8.231338200635245766e-03
-1.147212378929791422e-02
-5.963658912938841865e-03
-9.750721876848032505e-04
-3.358659815147659738e-02
-5.086123316616741885e-02
-3.185442836472648876e-04
-9.976199779791415298e-03
-1.003828097029105595e-02
7.690910902665516790e-04
-6.986739941956334604e-03
3.016633278075728903e-04
9.882575472531730700e-05
-1.085402923305412229e-03
-9.797296132632067264e-03
-7.313636712715755606e-02
-1.529474398081419849e-02
-2.753435726948377186e-03
-1.404907286757272299e-02
-8.489174079500791739e-03
-2.114511580240857266e-02
-5.372974830712174375e-03
-1.292905494265766606e-02
-1.215974666534480478e-03
5.658154215504138687e-05
-6.892736484743119778e-03
-1.055584873606864836e-03
-3.689553576283816777e-02
-1.056400534840047775e-03
-1.459427587915161769e-03
-9.618841109193629335e-03
-1.819642992423646868e-02
-1.490341477457533537e-01
2.330336595612934967e-03
1.307629396673871090e-03
-1.685337909360282030e-03
-2.426030219370915557e-03
-2.027539319361116796e-02
-3.149748466841170605e-04
-4.245160624947771910e-03
-1.973158365457443851e-03
-1.998717622640563789e-03
-2.498358609091720986e-02
-1.557583841987150546e-02
-9.794670089744115030e-03
1.303882013104995302e-03
-1.394420943701008865e-02
-2.383723106924305959e-02
-3.429550953686244519e-02
-1.625037025450172968e-03
-9.345457024120636851e-04
-1.289855200788422515e-02
-5.707988186372318614e-04
-1.573599602985116010e-03
-2.399004911828286261e-04
-4.765243033636161474e-02
-1.159128252726974659e-02
-8.677529117221338337e-03
-1.086392723271012786e-03
-3.697834984229790654e-03
-3.880628326137690754e-03
-1.392556994204211321e-02
-3.664921395844643326e-02
-2.148336060985159973e-02
5.912509168541239596e-04
-1.713100137677080192e-03
-5.427936444036647254e-04
-1.227887913156526728e-03
-4.152565683760362013e-04
-2.849133788033531879e-03
-7.614663655985799348e-03
-1.207268078741088185e-02
-1.116753995344128489e-02
-1.794612480656329742e-03
-2.488282062444029802e-02
-1.135970287986293355e-02
-4.001228876434460846e-02
-1.151974781349982165e-03
-1.083337282994032043e-03
3.258333786539146289e-04
-3.919392442154336423e-03
-5.872618364522430058e-03
-5.520726667389846617e-03
-4.191249006658172467e-03
-8.394718384822143784e-04
-1.056356365022104692e-02
3.747251236691700256e-04
-3.610670876966533965e-03
8.939151766749080024e-04
-1.822920077963742459e-03
-3.115387056376502919e-04
-1.026364292770683877e-03
-1.756192151663349800e-03
-1.734067750489681065e-02
-1.047447151994404871e-02
3.631848130019638306e-04
-4.000005804113074270e-02
-1.062553706177501176e-03
-1.854174590299059950e-03
-1.409190382657393454e-03
-1.254675641321811213e-03
-2.755674919060348629e-02
-7.741668237598443685e-04
-3.865262371398537743e-03
-9.570291580365083983e-03
-1.426522481545624286e-03
-2.585670225223588026e-02
4.232873107439425690e-04
-1.000075150197908200e-02
-1.629525246144049658e-02
-9.190701493128066064e-04
-2.972476826031976264e-03
-6.323141611328027267e-03
-2.758145102384691044e-02
2.970854494818873578e-04
-5.133506657835468917e-02
-2.386321845774661519e-03
-8.851060436532373621e-04
-2.719359884021812970e-03
-8.727968803084204183e-03
-1.401109876761518457e-02
-3.979482140186461404e-04
-2.759932706724003309e-04
